time;individual;hormone;
0;0;0.5;
0;1;0.484533;
1;1;0.469798;
2;1;0.455761;
3;1;0.442388;
4;1;0.429649;
5;1;0.417513;
6;1;0.405952;
7;1;0.394938;
8;1;0.384445;
9;1;0.37445;
10;1;0.364928;
11;1;0.355856;
12;1;0.347215;
13;1;0.338982;
14;1;0.331139;
15;1;0.323668;
16;1;0.31655;
17;1;0.30977;
18;1;0.30331;
19;1;0.297156;
20;1;0.291294;
21;1;0.28571;
22;1;0.280389;
23;1;0.275321;
24;1;0.270493;
25;1;0.265893;
26;1;0.261511;
27;1;0.257337;
28;1;0.25336;
29;1;0.249572;
30;1;0.245963;
31;1;0.242525;
32;1;0.239249;
33;1;0.236129;
34;1;0.233156;
35;1;0.230325;
36;1;0.227627;
37;1;0.225057;
38;1;0.222609;
39;1;0.220277;
40;1;0.218055;
41;1;0.215938;
42;1;0.213922;
43;1;0.212001;
44;1;0.210171;
45;1;0.208428;
46;1;0.206767;
47;1;0.205185;
48;1;0.203677;
49;1;0.202242;
50;1;0.200874;
51;1;0.199571;
52;1;0.198329;
53;1;0.197147;
54;1;0.19602;
55;1;0.194947;
56;1;0.193924;
57;1;0.19295;
58;1;0.192022;
59;1;0.191138;
60;1;0.190296;
61;1;0.189494;
62;1;0.18873;
63;1;0.188002;
64;1;0.187308;
65;1;0.186647;
66;1;0.186018;
67;1;0.185418;
68;1;0.184847;
69;1;0.184303;
70;1;0.183785;
71;1;0.183291;
72;1;0.18282;
73;1;0.182372;
74;1;0.181945;
75;1;0.181538;
76;1;0.181151;
77;1;0.180781;
78;1;0.18043;
79;1;0.180095;
80;1;0.179776;
81;1;0.179472;
82;1;0.179182;
83;1;0.178906;
84;1;0.178643;
85;1;0.178393;
86;1;0.178154;
87;1;0.177927;
88;1;0.17771;
89;1;0.177504;
90;1;0.177308;
91;1;0.17712;
92;1;0.176942;
93;1;0.176772;
94;1;0.17661;
95;1;0.176456;
96;1;0.176309;
97;1;0.176169;
98;1;0.176036;
99;1;0.175909;
100;1;0.905624;
101;1;0.87095;
102;1;0.837917;
103;1;0.806449;
104;1;0.776471;
105;1;0.747912;
106;1;0.720706;
107;1;0.694788;
108;1;0.670097;
109;1;0.646575;
110;1;0.624167;
111;1;0.602821;
112;1;0.582485;
113;1;0.563112;
114;1;0.544656;
115;1;0.527074;
116;1;0.510325;
117;1;0.494369;
118;1;0.479168;
119;1;0.464687;
120;1;0.450892;
121;1;0.43775;
122;1;0.425231;
123;1;0.413304;
124;1;0.401942;
125;1;0.391118;
126;1;0.380806;
127;1;0.370983;
128;1;0.361625;
129;1;0.35271;
130;1;0.344217;
131;1;0.336127;
132;1;0.328419;
133;1;0.321076;
134;1;0.314081;
135;1;0.307418;
136;1;0.30107;
137;1;0.295022;
138;1;0.289261;
139;1;0.283773;
140;1;0.278544;
141;1;0.273563;
142;1;0.268818;
143;1;0.264298;
144;1;0.259991;
145;1;0.255889;
146;1;0.251981;
147;1;0.248258;
148;1;0.244711;
149;1;0.241332;
150;1;0.238113;
151;1;0.235047;
152;1;0.232125;
153;1;0.229343;
154;1;0.226691;
155;1;0.224166;
156;1;0.22176;
157;1;0.219468;
158;1;0.217284;
159;1;0.215204;
160;1;0.213222;
161;1;0.211335;
162;1;0.209536;
163;1;0.207823;
164;1;0.206191;
165;1;0.204636;
166;1;0.203155;
167;1;0.201744;
168;1;0.200399;
169;1;0.199119;
170;1;0.197899;
171;1;0.196736;
172;1;0.195629;
173;1;0.194575;
174;1;0.19357;
175;1;0.192612;
176;1;0.191701;
177;1;0.190832;
178;1;0.190004;
179;1;0.189216;
180;1;0.188465;
181;1;0.187749;
182;1;0.187068;
183;1;0.186418;
184;1;0.1858;
185;1;0.18521;
186;1;0.184649;
187;1;0.184114;
188;1;0.183605;
189;1;0.183119;
190;1;0.182657;
191;1;0.182216;
192;1;0.181797;
193;1;0.181397;
194;1;0.181016;
195;1;0.180653;
196;1;0.180308;
197;1;0.179979;
198;1;0.179665;
199;1;0.179366;
200;1;0.179081;
201;1;0.17881;
202;1;0.178552;
203;1;0.178306;
204;1;0.178071;
205;1;0.177848;
206;1;0.177635;
207;1;0.177432;
208;1;0.177239;
209;1;0.177055;
210;1;0.17688;
211;1;0.176713;
212;1;0.176554;
213;1;0.176403;
214;1;0.176258;
215;1;0.176121;
216;1;0.17599;
217;1;0.175865;
218;1;0.175746;
219;1;0.175633;
220;1;0.175525;
221;1;0.175422;
222;1;0.175324;
223;1;0.175231;
224;1;0.175142;
225;1;0.175058;
226;1;0.174977;
227;1;0.1749;
228;1;0.174827;
229;1;0.174757;
230;1;0.174691;
231;1;0.174627;
232;1;0.174567;
233;1;0.17451;
234;1;0.174455;
235;1;0.174403;
236;1;0.174353;
237;1;0.174306;
238;1;0.174261;
239;1;0.174218;
240;1;0.174177;
241;1;0.174138;
242;1;0.174101;
243;1;0.174066;
244;1;0.174032;
245;1;0.174;
246;1;0.173969;
247;1;0.17394;
248;1;0.173913;
249;1;0.173886;
250;1;0.173861;
251;1;0.173837;
252;1;0.173814;
253;1;0.173792;
254;1;0.173772;
255;1;0.173752;
256;1;0.173733;
257;1;0.173715;
258;1;0.173698;
259;1;0.173682;
260;1;0.173666;
261;1;0.173651;
262;1;0.173637;
263;1;0.173624;
264;1;0.173611;
265;1;0.173599;
266;1;0.173588;
267;1;0.173576;
268;1;0.173566;
269;1;0.173556;
270;1;0.173546;
271;1;0.173537;
272;1;0.173529;
273;1;0.17352;
274;1;0.173513;
275;1;0.173505;
276;1;0.173498;
277;1;0.173491;
278;1;0.173485;
279;1;0.173478;
280;1;0.173473;
281;1;0.173467;
282;1;0.173462;
283;1;0.173457;
284;1;0.173452;
285;1;0.173447;
286;1;0.173443;
287;1;0.173439;
288;1;0.173435;
289;1;0.173431;
290;1;0.173427;
291;1;0.173424;
292;1;0.17342;
293;1;0.173417;
294;1;0.173414;
295;1;0.173412;
296;1;0.173409;
297;1;0.173406;
298;1;0.173404;
299;1;0.173401;
300;1;0.173399;
301;1;0.173397;
302;1;0.173395;
303;1;0.173393;
304;1;0.173391;
305;1;0.17339;
306;1;0.173388;
307;1;0.173386;
308;1;0.173385;
309;1;0.173383;
310;1;0.173382;
311;1;0.173381;
312;1;0.173379;
313;1;0.173378;
314;1;0.173377;
315;1;0.173376;
316;1;0.173375;
317;1;0.173374;
318;1;0.173373;
319;1;0.173372;
320;1;0.173371;
321;1;0.173371;
322;1;0.17337;
323;1;0.173369;
324;1;0.173368;
325;1;0.173368;
326;1;0.173367;
327;1;0.173367;
328;1;0.173366;
329;1;0.173365;
330;1;0.173365;
331;1;0.173364;
332;1;0.173364;
333;1;0.173363;
334;1;0.173363;
335;1;0.173363;
336;1;0.173362;
337;1;0.173362;
338;1;0.173362;
339;1;0.173361;
340;1;0.173361;
341;1;0.173361;
342;1;0.17336;
343;1;0.17336;
344;1;0.17336;
345;1;0.173359;
346;1;0.173359;
347;1;0.173359;
348;1;0.173359;
349;1;0.173359;
350;1;0.173358;
351;1;0.173358;
352;1;0.173358;
353;1;0.173358;
354;1;0.173358;
355;1;0.173358;
356;1;0.173357;
357;1;0.173357;
358;1;0.173357;
359;1;0.173357;
360;1;0.173357;
361;1;0.173357;
362;1;0.173357;
363;1;0.173357;
364;1;0.173356;
365;1;0.173356;
366;1;0.173356;
367;1;0.173356;
368;1;0.173356;
369;1;0.173356;
370;1;0.173356;
371;1;0.173356;
372;1;0.173356;
373;1;0.173356;
374;1;0.173356;
375;1;0.173356;
376;1;0.173356;
377;1;0.173356;
378;1;0.173355;
379;1;0.173355;
380;1;0.173355;
381;1;0.173355;
382;1;0.173355;
383;1;0.173355;
384;1;0.173355;
385;1;0.173355;
386;1;0.173355;
387;1;0.173355;
388;1;0.173355;
389;1;0.173355;
390;1;0.173355;
391;1;0.173355;
392;1;0.173355;
393;1;0.173355;
394;1;0.173355;
395;1;0.173355;
396;1;0.173355;
397;1;0.173355;
398;1;0.173355;
399;1;0.173355;
400;1;0.173355;
401;1;0.173355;
402;1;0.173355;
403;1;0.173355;
404;1;0.173355;
405;1;0.173355;
406;1;0.173355;
407;1;0.173355;
408;1;0.173355;
409;1;0.173355;
410;1;0.173355;
411;1;0.173355;
412;1;0.173355;
413;1;0.173355;
414;1;0.173355;
415;1;0.173355;
416;1;0.173355;
417;1;0.173355;
418;1;0.173355;
419;1;0.173355;
420;1;0.173355;
421;1;0.173355;
422;1;0.173355;
423;1;0.173355;
424;1;0.173355;
425;1;0.173355;
426;1;0.173355;
427;1;0.173355;
428;1;0.173355;
429;1;0.173355;
430;1;0.173355;
431;1;0.173355;
432;1;0.173355;
433;1;0.173355;
434;1;0.173355;
435;1;0.173355;
436;1;0.173354;
437;1;0.173354;
438;1;0.173354;
439;1;0.173354;
440;1;0.173354;
441;1;0.173354;
442;1;0.173354;
443;1;0.173354;
444;1;0.173354;
445;1;0.173354;
446;1;0.173354;
447;1;0.173354;
448;1;0.173354;
449;1;0.173354;
450;1;0.173354;
451;1;0.173354;
452;1;0.173354;
453;1;0.173354;
454;1;0.173354;
455;1;0.173354;
456;1;0.173354;
457;1;0.173354;
458;1;0.173354;
459;1;0.173354;
460;1;0.173354;
461;1;0.173354;
462;1;0.173354;
463;1;0.173354;
464;1;0.173354;
465;1;0.173354;
466;1;0.173354;
467;1;0.173354;
468;1;0.173354;
469;1;0.173354;
470;1;0.173354;
471;1;0.173354;
472;1;0.173354;
473;1;0.173354;
474;1;0.173354;
475;1;0.173354;
476;1;0.173354;
477;1;0.173354;
478;1;0.173354;
479;1;0.173354;
480;1;0.173354;
481;1;0.173354;
482;1;0.173354;
483;1;0.173354;
484;1;0.173354;
485;1;0.173354;
486;1;0.173354;
487;1;0.173354;
488;1;0.173354;
489;1;0.173354;
490;1;0.173354;
491;1;0.173354;
492;1;0.173354;
493;1;0.173354;
494;1;0.173354;
495;1;0.173354;
496;1;0.173354;
497;1;0.173354;
498;1;0.173354;
499;1;0.173354;
0;1;0.5;
0;2;0.488138;
1;2;0.476837;
2;2;0.466071;
3;2;0.455815;
4;2;0.446045;
5;2;0.436738;
6;2;0.427871;
7;2;0.419424;
8;2;0.411377;
9;2;0.403711;
10;2;0.396408;
11;2;0.389451;
12;2;0.382823;
13;2;0.376509;
14;2;0.370494;
15;2;0.364764;
16;2;0.359305;
17;2;0.354105;
18;2;0.349151;
19;2;0.344431;
20;2;0.339935;
21;2;0.335652;
22;2;0.331572;
23;2;0.327685;
24;2;0.323982;
25;2;0.320454;
26;2;0.317094;
27;2;0.313892;
28;2;0.310842;
29;2;0.307937;
30;2;0.305169;
31;2;0.302532;
32;2;0.30002;
33;2;0.297627;
34;2;0.295347;
35;2;0.293175;
36;2;0.291106;
37;2;0.289136;
38;2;0.287258;
39;2;0.285469;
40;2;0.283765;
41;2;0.282142;
42;2;0.280595;
43;2;0.279122;
44;2;0.277719;
45;2;0.276382;
46;2;0.275108;
47;2;0.273894;
48;2;0.272739;
49;2;0.271637;
50;2;0.270588;
51;2;0.269589;
52;2;0.268637;
53;2;0.26773;
54;2;0.266866;
55;2;0.266043;
56;2;0.265259;
57;2;0.264512;
58;2;0.2638;
59;2;0.263122;
60;2;0.262476;
61;2;0.261861;
62;2;0.261275;
63;2;0.260716;
64;2;0.260184;
65;2;0.259678;
66;2;0.259195;
67;2;0.258735;
68;2;0.258297;
69;2;0.25788;
70;2;0.257482;
71;2;0.257103;
72;2;0.256742;
73;2;0.256399;
74;2;0.256071;
75;2;0.255759;
76;2;0.255462;
77;2;0.255179;
78;2;0.254909;
79;2;0.254652;
80;2;0.254407;
81;2;0.254174;
82;2;0.253952;
83;2;0.25374;
84;2;0.253539;
85;2;0.253347;
86;2;0.253164;
87;2;0.252989;
88;2;0.252823;
89;2;0.252665;
90;2;0.252514;
91;2;0.252371;
92;2;0.252234;
93;2;0.252104;
94;2;0.25198;
95;2;0.251861;
96;2;0.251749;
97;2;0.251642;
98;2;0.251539;
99;2;0.251442;
100;2;1;
101;2;0.964462;
102;2;0.930606;
103;2;0.898354;
104;2;0.867628;
105;2;0.838358;
106;2;0.810474;
107;2;0.78391;
108;2;0.758604;
109;2;0.734496;
110;2;0.71153;
111;2;0.689651;
112;2;0.668808;
113;2;0.648952;
114;2;0.630037;
115;2;0.612017;
116;2;0.59485;
117;2;0.578496;
118;2;0.562917;
119;2;0.548075;
120;2;0.533936;
121;2;0.520467;
122;2;0.507635;
123;2;0.495411;
124;2;0.483766;
125;2;0.472672;
126;2;0.462104;
127;2;0.452036;
128;2;0.442445;
129;2;0.433308;
130;2;0.424603;
131;2;0.416311;
132;2;0.408411;
133;2;0.400886;
134;2;0.393717;
135;2;0.386887;
136;2;0.38038;
137;2;0.374182;
138;2;0.368277;
139;2;0.362652;
140;2;0.357294;
141;2;0.352189;
142;2;0.347325;
143;2;0.342692;
144;2;0.338279;
145;2;0.334074;
146;2;0.330068;
147;2;0.326252;
148;2;0.322617;
149;2;0.319154;
150;2;0.315855;
151;2;0.312712;
152;2;0.309718;
153;2;0.306866;
154;2;0.304149;
155;2;0.30156;
156;2;0.299094;
157;2;0.296745;
158;2;0.294507;
159;2;0.292375;
160;2;0.290344;
161;2;0.288409;
162;2;0.286566;
163;2;0.28481;
164;2;0.283137;
165;2;0.281544;
166;2;0.280025;
167;2;0.278579;
168;2;0.277201;
169;2;0.275889;
170;2;0.274639;
171;2;0.273447;
172;2;0.272313;
173;2;0.271232;
174;2;0.270202;
175;2;0.269221;
176;2;0.268286;
177;2;0.267396;
178;2;0.266547;
179;2;0.265739;
180;2;0.26497;
181;2;0.264236;
182;2;0.263538;
183;2;0.262872;
184;2;0.262238;
185;2;0.261634;
186;2;0.261059;
187;2;0.260511;
188;2;0.259988;
189;2;0.259491;
190;2;0.259017;
191;2;0.258566;
192;2;0.258135;
193;2;0.257726;
194;2;0.257335;
195;2;0.256964;
196;2;0.256609;
197;2;0.256272;
198;2;0.25595;
199;2;0.255644;
200;2;0.255352;
201;2;0.255074;
202;2;0.25481;
203;2;0.254557;
204;2;0.254317;
205;2;0.254088;
206;2;0.25387;
207;2;0.253662;
208;2;0.253464;
209;2;0.253276;
210;2;0.253096;
211;2;0.252925;
212;2;0.252762;
213;2;0.252607;
214;2;0.252459;
215;2;0.252318;
216;2;0.252184;
217;2;0.252056;
218;2;0.251934;
219;2;0.251818;
220;2;0.251707;
221;2;0.251602;
222;2;0.251502;
223;2;0.251406;
224;2;0.251315;
225;2;0.251228;
226;2;0.251146;
227;2;0.251067;
228;2;0.250992;
229;2;0.25092;
230;2;0.250852;
231;2;0.250787;
232;2;0.250726;
233;2;0.250667;
234;2;0.250611;
235;2;0.250557;
236;2;0.250506;
237;2;0.250458;
238;2;0.250412;
239;2;0.250368;
240;2;0.250326;
241;2;0.250286;
242;2;0.250248;
243;2;0.250212;
244;2;0.250177;
245;2;0.250144;
246;2;0.250113;
247;2;0.250083;
248;2;0.250055;
249;2;0.250028;
250;2;0.250002;
251;2;0.249977;
252;2;0.249954;
253;2;0.249931;
254;2;0.24991;
255;2;0.24989;
256;2;0.249871;
257;2;0.249852;
258;2;0.249835;
259;2;0.249818;
260;2;0.249802;
261;2;0.249787;
262;2;0.249773;
263;2;0.249759;
264;2;0.249746;
265;2;0.249733;
266;2;0.249722;
267;2;0.24971;
268;2;0.249699;
269;2;0.249689;
270;2;0.249679;
271;2;0.24967;
272;2;0.249661;
273;2;0.249653;
274;2;0.249645;
275;2;0.249637;
276;2;0.24963;
277;2;0.249623;
278;2;0.249616;
279;2;0.24961;
280;2;0.249604;
281;2;0.249598;
282;2;0.249593;
283;2;0.249587;
284;2;0.249582;
285;2;0.249578;
286;2;0.249573;
287;2;0.249569;
288;2;0.249565;
289;2;0.249561;
290;2;0.249557;
291;2;0.249554;
292;2;0.24955;
293;2;0.249547;
294;2;0.249544;
295;2;0.249541;
296;2;0.249538;
297;2;0.249536;
298;2;0.249533;
299;2;0.249531;
300;2;0.249529;
301;2;0.249526;
302;2;0.249524;
303;2;0.249522;
304;2;0.24952;
305;2;0.249519;
306;2;0.249517;
307;2;0.249515;
308;2;0.249514;
309;2;0.249512;
310;2;0.249511;
311;2;0.24951;
312;2;0.249508;
313;2;0.249507;
314;2;0.249506;
315;2;0.249505;
316;2;0.249504;
317;2;0.249503;
318;2;0.249502;
319;2;0.249501;
320;2;0.2495;
321;2;0.249499;
322;2;0.249498;
323;2;0.249498;
324;2;0.249497;
325;2;0.249496;
326;2;0.249496;
327;2;0.249495;
328;2;0.249494;
329;2;0.249494;
330;2;0.249493;
331;2;0.249493;
332;2;0.249492;
333;2;0.249492;
334;2;0.249491;
335;2;0.249491;
336;2;0.249491;
337;2;0.24949;
338;2;0.24949;
339;2;0.24949;
340;2;0.249489;
341;2;0.249489;
342;2;0.249489;
343;2;0.249488;
344;2;0.249488;
345;2;0.249488;
346;2;0.249488;
347;2;0.249487;
348;2;0.249487;
349;2;0.249487;
350;2;0.249487;
351;2;0.249487;
352;2;0.249486;
353;2;0.249486;
354;2;0.249486;
355;2;0.249486;
356;2;0.249486;
357;2;0.249486;
358;2;0.249485;
359;2;0.249485;
360;2;0.249485;
361;2;0.249485;
362;2;0.249485;
363;2;0.249485;
364;2;0.249485;
365;2;0.249485;
366;2;0.249485;
367;2;0.249484;
368;2;0.249484;
369;2;0.249484;
370;2;0.249484;
371;2;0.249484;
372;2;0.249484;
373;2;0.249484;
374;2;0.249484;
375;2;0.249484;
376;2;0.249484;
377;2;0.249484;
378;2;0.249484;
379;2;0.249484;
380;2;0.249484;
381;2;0.249484;
382;2;0.249484;
383;2;0.249483;
384;2;0.249483;
385;2;0.249483;
386;2;0.249483;
387;2;0.249483;
388;2;0.249483;
389;2;0.249483;
390;2;0.249483;
391;2;0.249483;
392;2;0.249483;
393;2;0.249483;
394;2;0.249483;
395;2;0.249483;
396;2;0.249483;
397;2;0.249483;
398;2;0.249483;
399;2;0.249483;
400;2;0.249483;
401;2;0.249483;
402;2;0.249483;
403;2;0.249483;
404;2;0.249483;
405;2;0.249483;
406;2;0.249483;
407;2;0.249483;
408;2;0.249483;
409;2;0.249483;
410;2;0.249483;
411;2;0.249483;
412;2;0.249483;
413;2;0.249483;
414;2;0.249483;
415;2;0.249483;
416;2;0.249483;
417;2;0.249483;
418;2;0.249483;
419;2;0.249483;
420;2;0.249483;
421;2;0.249483;
422;2;0.249483;
423;2;0.249483;
424;2;0.249483;
425;2;0.249483;
426;2;0.249483;
427;2;0.249483;
428;2;0.249483;
429;2;0.249483;
430;2;0.249483;
431;2;0.249483;
432;2;0.249483;
433;2;0.249483;
434;2;0.249483;
435;2;0.249483;
436;2;0.249483;
437;2;0.249483;
438;2;0.249483;
439;2;0.249483;
440;2;0.249483;
441;2;0.249483;
442;2;0.249483;
443;2;0.249483;
444;2;0.249483;
445;2;0.249483;
446;2;0.249483;
447;2;0.249483;
448;2;0.249483;
449;2;0.249483;
450;2;0.249483;
451;2;0.249483;
452;2;0.249483;
453;2;0.249483;
454;2;0.249483;
455;2;0.249483;
456;2;0.249483;
457;2;0.249483;
458;2;0.249483;
459;2;0.249483;
460;2;0.249483;
461;2;0.249483;
462;2;0.249483;
463;2;0.249483;
464;2;0.249483;
465;2;0.249483;
466;2;0.249483;
467;2;0.249483;
468;2;0.249483;
469;2;0.249483;
470;2;0.249483;
471;2;0.249483;
472;2;0.249483;
473;2;0.249483;
474;2;0.249483;
475;2;0.249483;
476;2;0.249483;
477;2;0.249483;
478;2;0.249483;
479;2;0.249483;
480;2;0.249483;
481;2;0.249483;
482;2;0.249483;
483;2;0.249483;
484;2;0.249483;
485;2;0.249483;
486;2;0.249483;
487;2;0.249483;
488;2;0.249483;
489;2;0.249483;
490;2;0.249483;
491;2;0.249483;
492;2;0.249483;
493;2;0.249483;
494;2;0.249483;
495;2;0.249483;
496;2;0.249483;
497;2;0.249483;
498;2;0.249483;
499;2;0.249483;
0;2;0.458681;
0;3;0.443631;
1;3;0.429294;
2;3;0.415635;
3;3;0.402624;
4;3;0.390228;
5;3;0.37842;
6;3;0.36717;
7;3;0.356454;
8;3;0.346244;
9;3;0.336519;
10;3;0.327253;
11;3;0.318427;
12;3;0.310018;
13;3;0.302008;
14;3;0.294377;
15;3;0.287107;
16;3;0.280181;
17;3;0.273584;
18;3;0.267298;
19;3;0.261311;
20;3;0.255607;
21;3;0.250173;
22;3;0.244996;
23;3;0.240065;
24;3;0.235367;
25;3;0.230891;
26;3;0.226627;
27;3;0.222566;
28;3;0.218696;
29;3;0.21501;
30;3;0.211498;
31;3;0.208153;
32;3;0.204966;
33;3;0.20193;
34;3;0.199038;
35;3;0.196282;
36;3;0.193658;
37;3;0.191157;
38;3;0.188775;
39;3;0.186506;
40;3;0.184344;
41;3;0.182284;
42;3;0.180322;
43;3;0.178453;
44;3;0.176672;
45;3;0.174976;
46;3;0.17336;
47;3;0.171821;
48;3;0.170354;
49;3;0.168957;
50;3;0.167626;
51;3;0.166358;
52;3;0.16515;
53;3;0.164;
54;3;0.162903;
55;3;0.161859;
56;3;0.160864;
57;3;0.159917;
58;3;0.159014;
59;3;0.158154;
60;3;0.157334;
61;3;0.156554;
62;3;0.15581;
63;3;0.155102;
64;3;0.154427;
65;3;0.153784;
66;3;0.153171;
67;3;0.152588;
68;3;0.152032;
69;3;0.151503;
70;3;0.150998;
71;3;0.150518;
72;3;0.15006;
73;3;0.149624;
74;3;0.149208;
75;3;0.148812;
76;3;0.148435;
77;3;0.148076;
78;3;0.147734;
79;3;0.147408;
80;3;0.147097;
81;3;0.146801;
82;3;0.14652;
83;3;0.146251;
84;3;0.145995;
85;3;0.145752;
86;3;0.14552;
87;3;0.145298;
88;3;0.145088;
89;3;0.144887;
90;3;0.144696;
91;3;0.144514;
92;3;0.14434;
93;3;0.144175;
94;3;0.144017;
95;3;0.143867;
96;3;0.143725;
97;3;0.143588;
98;3;0.143459;
99;3;0.143335;
100;3;0.829477;
101;3;0.796869;
102;3;0.765805;
103;3;0.736212;
104;3;0.708021;
105;3;0.681164;
106;3;0.655579;
107;3;0.631206;
108;3;0.607987;
109;3;0.585867;
110;3;0.564795;
111;3;0.54472;
112;3;0.525596;
113;3;0.507377;
114;3;0.490022;
115;3;0.473488;
116;3;0.457737;
117;3;0.442732;
118;3;0.428437;
119;3;0.414819;
120;3;0.401846;
121;3;0.389487;
122;3;0.377714;
123;3;0.366498;
124;3;0.355813;
125;3;0.345634;
126;3;0.335937;
127;3;0.3267;
128;3;0.317899;
129;3;0.309516;
130;3;0.301529;
131;3;0.29392;
132;3;0.286672;
133;3;0.279767;
134;3;0.273189;
135;3;0.266923;
136;3;0.260953;
137;3;0.255266;
138;3;0.249848;
139;3;0.244687;
140;3;0.23977;
141;3;0.235086;
142;3;0.230624;
143;3;0.226373;
144;3;0.222323;
145;3;0.218465;
146;3;0.21479;
147;3;0.211289;
148;3;0.207953;
149;3;0.204776;
150;3;0.201749;
151;3;0.198865;
152;3;0.196118;
153;3;0.193501;
154;3;0.191008;
155;3;0.188633;
156;3;0.18637;
157;3;0.184214;
158;3;0.182161;
159;3;0.180205;
160;3;0.178341;
161;3;0.176566;
162;3;0.174875;
163;3;0.173264;
164;3;0.171729;
165;3;0.170267;
166;3;0.168874;
167;3;0.167547;
168;3;0.166282;
169;3;0.165078;
170;3;0.163931;
171;3;0.162838;
172;3;0.161797;
173;3;0.160805;
174;3;0.15986;
175;3;0.15896;
176;3;0.158102;
177;3;0.157285;
178;3;0.156507;
179;3;0.155766;
180;3;0.155059;
181;3;0.154386;
182;3;0.153745;
183;3;0.153135;
184;3;0.152553;
185;3;0.151999;
186;3;0.151471;
187;3;0.150968;
188;3;0.150489;
189;3;0.150032;
190;3;0.149598;
191;3;0.149183;
192;3;0.148789;
193;3;0.148413;
194;3;0.148055;
195;3;0.147713;
196;3;0.147388;
197;3;0.147079;
198;3;0.146784;
199;3;0.146503;
200;3;0.146235;
201;3;0.14598;
202;3;0.145737;
203;3;0.145506;
204;3;0.145285;
205;3;0.145075;
206;3;0.144875;
207;3;0.144684;
208;3;0.144503;
209;3;0.14433;
210;3;0.144165;
211;3;0.144008;
212;3;0.143858;
213;3;0.143716;
214;3;0.14358;
215;3;0.143451;
216;3;0.143328;
217;3;0.14321;
218;3;0.143099;
219;3;0.142992;
220;3;0.142891;
221;3;0.142794;
222;3;0.142702;
223;3;0.142614;
224;3;0.142531;
225;3;0.142451;
226;3;0.142375;
227;3;0.142303;
228;3;0.142234;
229;3;0.142169;
230;3;0.142106;
231;3;0.142047;
232;3;0.14199;
233;3;0.141936;
234;3;0.141884;
235;3;0.141835;
236;3;0.141789;
237;3;0.141744;
238;3;0.141702;
239;3;0.141662;
240;3;0.141623;
241;3;0.141586;
242;3;0.141552;
243;3;0.141518;
244;3;0.141487;
245;3;0.141456;
246;3;0.141428;
247;3;0.1414;
248;3;0.141374;
249;3;0.141349;
250;3;0.141326;
251;3;0.141303;
252;3;0.141282;
253;3;0.141261;
254;3;0.141242;
255;3;0.141223;
256;3;0.141205;
257;3;0.141189;
258;3;0.141173;
259;3;0.141157;
260;3;0.141143;
261;3;0.141129;
262;3;0.141116;
263;3;0.141103;
264;3;0.141091;
265;3;0.141079;
266;3;0.141069;
267;3;0.141058;
268;3;0.141048;
269;3;0.141039;
270;3;0.14103;
271;3;0.141021;
272;3;0.141013;
273;3;0.141005;
274;3;0.140998;
275;3;0.140991;
276;3;0.140984;
277;3;0.140978;
278;3;0.140972;
279;3;0.140966;
280;3;0.140961;
281;3;0.140955;
282;3;0.14095;
283;3;0.140946;
284;3;0.140941;
285;3;0.140937;
286;3;0.140932;
287;3;0.140929;
288;3;0.140925;
289;3;0.140921;
290;3;0.140918;
291;3;0.140915;
292;3;0.140912;
293;3;0.140909;
294;3;0.140906;
295;3;0.140903;
296;3;0.140901;
297;3;0.140898;
298;3;0.140896;
299;3;0.140894;
300;3;0.140892;
301;3;0.14089;
302;3;0.140888;
303;3;0.140886;
304;3;0.140884;
305;3;0.140882;
306;3;0.140881;
307;3;0.140879;
308;3;0.140878;
309;3;0.140877;
310;3;0.140875;
311;3;0.140874;
312;3;0.140873;
313;3;0.140872;
314;3;0.140871;
315;3;0.14087;
316;3;0.140869;
317;3;0.140868;
318;3;0.140867;
319;3;0.140866;
320;3;0.140865;
321;3;0.140865;
322;3;0.140864;
323;3;0.140863;
324;3;0.140863;
325;3;0.140862;
326;3;0.140861;
327;3;0.140861;
328;3;0.14086;
329;3;0.14086;
330;3;0.140859;
331;3;0.140859;
332;3;0.140858;
333;3;0.140858;
334;3;0.140858;
335;3;0.140857;
336;3;0.140857;
337;3;0.140856;
338;3;0.140856;
339;3;0.140856;
340;3;0.140855;
341;3;0.140855;
342;3;0.140855;
343;3;0.140855;
344;3;0.140854;
345;3;0.140854;
346;3;0.140854;
347;3;0.140854;
348;3;0.140854;
349;3;0.140853;
350;3;0.140853;
351;3;0.140853;
352;3;0.140853;
353;3;0.140853;
354;3;0.140852;
355;3;0.140852;
356;3;0.140852;
357;3;0.140852;
358;3;0.140852;
359;3;0.140852;
360;3;0.140852;
361;3;0.140852;
362;3;0.140852;
363;3;0.140851;
364;3;0.140851;
365;3;0.140851;
366;3;0.140851;
367;3;0.140851;
368;3;0.140851;
369;3;0.140851;
370;3;0.140851;
371;3;0.140851;
372;3;0.140851;
373;3;0.140851;
374;3;0.140851;
375;3;0.140851;
376;3;0.14085;
377;3;0.14085;
378;3;0.14085;
379;3;0.14085;
380;3;0.14085;
381;3;0.14085;
382;3;0.14085;
383;3;0.14085;
384;3;0.14085;
385;3;0.14085;
386;3;0.14085;
387;3;0.14085;
388;3;0.14085;
389;3;0.14085;
390;3;0.14085;
391;3;0.14085;
392;3;0.14085;
393;3;0.14085;
394;3;0.14085;
395;3;0.14085;
396;3;0.14085;
397;3;0.14085;
398;3;0.14085;
399;3;0.14085;
400;3;0.14085;
401;3;0.14085;
402;3;0.14085;
403;3;0.14085;
404;3;0.14085;
405;3;0.14085;
406;3;0.14085;
407;3;0.14085;
408;3;0.14085;
409;3;0.14085;
410;3;0.14085;
411;3;0.14085;
412;3;0.14085;
413;3;0.14085;
414;3;0.14085;
415;3;0.14085;
416;3;0.14085;
417;3;0.14085;
418;3;0.14085;
419;3;0.14085;
420;3;0.14085;
421;3;0.14085;
422;3;0.14085;
423;3;0.14085;
424;3;0.14085;
425;3;0.14085;
426;3;0.14085;
427;3;0.14085;
428;3;0.14085;
429;3;0.14085;
430;3;0.140849;
431;3;0.140849;
432;3;0.140849;
433;3;0.140849;
434;3;0.140849;
435;3;0.140849;
436;3;0.140849;
437;3;0.140849;
438;3;0.140849;
439;3;0.140849;
440;3;0.140849;
441;3;0.140849;
442;3;0.140849;
443;3;0.140849;
444;3;0.140849;
445;3;0.140849;
446;3;0.140849;
447;3;0.140849;
448;3;0.140849;
449;3;0.140849;
450;3;0.140849;
451;3;0.140849;
452;3;0.140849;
453;3;0.140849;
454;3;0.140849;
455;3;0.140849;
456;3;0.140849;
457;3;0.140849;
458;3;0.140849;
459;3;0.140849;
460;3;0.140849;
461;3;0.140849;
462;3;0.140849;
463;3;0.140849;
464;3;0.140849;
465;3;0.140849;
466;3;0.140849;
467;3;0.140849;
468;3;0.140849;
469;3;0.140849;
470;3;0.140849;
471;3;0.140849;
472;3;0.140849;
473;3;0.140849;
474;3;0.140849;
475;3;0.140849;
476;3;0.140849;
477;3;0.140849;
478;3;0.140849;
479;3;0.140849;
480;3;0.140849;
481;3;0.140849;
482;3;0.140849;
483;3;0.140849;
484;3;0.140849;
485;3;0.140849;
486;3;0.140849;
487;3;0.140849;
488;3;0.140849;
489;3;0.140849;
490;3;0.140849;
491;3;0.140849;
492;3;0.140849;
493;3;0.140849;
494;3;0.140849;
495;3;0.140849;
496;3;0.140849;
497;3;0.140849;
498;3;0.140849;
499;3;0.140849;
0;3;0.5;
0;4;0.497019;
1;4;0.49416;
2;4;0.491419;
3;4;0.48879;
4;4;0.486269;
5;4;0.483851;
6;4;0.481532;
7;4;0.479309;
8;4;0.477177;
9;4;0.475132;
10;4;0.473171;
11;4;0.47129;
12;4;0.469487;
13;4;0.467757;
14;4;0.466099;
15;4;0.464508;
16;4;0.462983;
17;4;0.46152;
18;4;0.460117;
19;4;0.458772;
20;4;0.457482;
21;4;0.456245;
22;4;0.455058;
23;4;0.453921;
24;4;0.45283;
25;4;0.451783;
26;4;0.45078;
27;4;0.449818;
28;4;0.448895;
29;4;0.44801;
30;4;0.447161;
31;4;0.446347;
32;4;0.445567;
33;4;0.444818;
34;4;0.444101;
35;4;0.443412;
36;4;0.442752;
37;4;0.442119;
38;4;0.441512;
39;4;0.44093;
40;4;0.440372;
41;4;0.439836;
42;4;0.439323;
43;4;0.438831;
44;4;0.438358;
45;4;0.437906;
46;4;0.437471;
47;4;0.437055;
48;4;0.436656;
49;4;0.436273;
50;4;0.435905;
51;4;0.435553;
52;4;0.435215;
53;4;0.434891;
54;4;0.434581;
55;4;0.434283;
56;4;0.433997;
57;4;0.433723;
58;4;0.433461;
59;4;0.433209;
60;4;0.432967;
61;4;0.432735;
62;4;0.432513;
63;4;0.4323;
64;4;0.432096;
65;4;0.4319;
66;4;0.431712;
67;4;0.431532;
68;4;0.431359;
69;4;0.431193;
70;4;0.431034;
71;4;0.430882;
72;4;0.430735;
73;4;0.430595;
74;4;0.430461;
75;4;0.430332;
76;4;0.430208;
77;4;0.43009;
78;4;0.429976;
79;4;0.429867;
80;4;0.429762;
81;4;0.429662;
82;4;0.429566;
83;4;0.429474;
84;4;0.429385;
85;4;0.429301;
86;4;0.429219;
87;4;0.429141;
88;4;0.429066;
89;4;0.428995;
90;4;0.428926;
91;4;0.42886;
92;4;0.428797;
93;4;0.428736;
94;4;0.428678;
95;4;0.428622;
96;4;0.428569;
97;4;0.428517;
98;4;0.428468;
99;4;0.428421;
100;4;1;
101;4;0.976512;
102;4;0.953988;
103;4;0.932388;
104;4;0.911673;
105;4;0.891808;
106;4;0.872758;
107;4;0.854489;
108;4;0.83697;
109;4;0.820169;
110;4;0.804056;
111;4;0.788605;
112;4;0.773788;
113;4;0.759578;
114;4;0.745951;
115;4;0.732883;
116;4;0.72035;
117;4;0.708332;
118;4;0.696807;
119;4;0.685754;
120;4;0.675155;
121;4;0.664991;
122;4;0.655243;
123;4;0.645895;
124;4;0.63693;
125;4;0.628333;
126;4;0.620089;
127;4;0.612183;
128;4;0.604601;
129;4;0.59733;
130;4;0.590357;
131;4;0.583671;
132;4;0.577258;
133;4;0.571109;
134;4;0.565211;
135;4;0.559556;
136;4;0.554132;
137;4;0.548931;
138;4;0.543943;
139;4;0.53916;
140;4;0.534573;
141;4;0.530174;
142;4;0.525956;
143;4;0.52191;
144;4;0.518031;
145;4;0.51431;
146;4;0.510743;
147;4;0.507321;
148;4;0.50404;
149;4;0.500893;
150;4;0.497876;
151;4;0.494982;
152;4;0.492207;
153;4;0.489545;
154;4;0.486993;
155;4;0.484546;
156;4;0.482199;
157;4;0.479948;
158;4;0.477789;
159;4;0.475719;
160;4;0.473734;
161;4;0.471831;
162;4;0.470005;
163;4;0.468254;
164;4;0.466575;
165;4;0.464965;
166;4;0.463421;
167;4;0.46194;
168;4;0.46052;
169;4;0.459159;
170;4;0.457853;
171;4;0.4566;
172;4;0.455399;
173;4;0.454248;
174;4;0.453143;
175;4;0.452084;
176;4;0.451068;
177;4;0.450094;
178;4;0.44916;
179;4;0.448264;
180;4;0.447405;
181;4;0.446581;
182;4;0.445791;
183;4;0.445034;
184;4;0.444307;
185;4;0.44361;
186;4;0.442942;
187;4;0.442301;
188;4;0.441687;
189;4;0.441097;
190;4;0.440532;
191;4;0.43999;
192;4;0.43947;
193;4;0.438972;
194;4;0.438494;
195;4;0.438036;
196;4;0.437596;
197;4;0.437175;
198;4;0.43677;
199;4;0.436383;
200;4;0.436011;
201;4;0.435654;
202;4;0.435312;
203;4;0.434984;
204;4;0.43467;
205;4;0.434368;
206;4;0.434079;
207;4;0.433802;
208;4;0.433536;
209;4;0.433281;
210;4;0.433036;
211;4;0.432802;
212;4;0.432577;
213;4;0.432361;
214;4;0.432154;
215;4;0.431956;
216;4;0.431766;
217;4;0.431583;
218;4;0.431408;
219;4;0.431241;
220;4;0.43108;
221;4;0.430925;
222;4;0.430777;
223;4;0.430636;
224;4;0.430499;
225;4;0.430369;
226;4;0.430244;
227;4;0.430124;
228;4;0.430009;
229;4;0.429898;
230;4;0.429793;
231;4;0.429691;
232;4;0.429594;
233;4;0.4295;
234;4;0.429411;
235;4;0.429325;
236;4;0.429243;
237;4;0.429164;
238;4;0.429088;
239;4;0.429015;
240;4;0.428946;
241;4;0.428879;
242;4;0.428815;
243;4;0.428754;
244;4;0.428695;
245;4;0.428638;
246;4;0.428584;
247;4;0.428532;
248;4;0.428482;
249;4;0.428434;
250;4;0.428389;
251;4;0.428345;
252;4;0.428303;
253;4;0.428262;
254;4;0.428223;
255;4;0.428186;
256;4;0.428151;
257;4;0.428117;
258;4;0.428084;
259;4;0.428052;
260;4;0.428022;
261;4;0.427993;
262;4;0.427966;
263;4;0.427939;
264;4;0.427914;
265;4;0.427889;
266;4;0.427866;
267;4;0.427843;
268;4;0.427822;
269;4;0.427801;
270;4;0.427781;
271;4;0.427762;
272;4;0.427744;
273;4;0.427726;
274;4;0.42771;
275;4;0.427694;
276;4;0.427678;
277;4;0.427663;
278;4;0.427649;
279;4;0.427636;
280;4;0.427623;
281;4;0.42761;
282;4;0.427598;
283;4;0.427587;
284;4;0.427576;
285;4;0.427565;
286;4;0.427555;
287;4;0.427545;
288;4;0.427536;
289;4;0.427527;
290;4;0.427518;
291;4;0.42751;
292;4;0.427502;
293;4;0.427495;
294;4;0.427487;
295;4;0.42748;
296;4;0.427474;
297;4;0.427467;
298;4;0.427461;
299;4;0.427455;
300;4;0.42745;
301;4;0.427444;
302;4;0.427439;
303;4;0.427434;
304;4;0.427429;
305;4;0.427425;
306;4;0.42742;
307;4;0.427416;
308;4;0.427412;
309;4;0.427408;
310;4;0.427404;
311;4;0.427401;
312;4;0.427397;
313;4;0.427394;
314;4;0.427391;
315;4;0.427388;
316;4;0.427385;
317;4;0.427382;
318;4;0.42738;
319;4;0.427377;
320;4;0.427375;
321;4;0.427372;
322;4;0.42737;
323;4;0.427368;
324;4;0.427366;
325;4;0.427364;
326;4;0.427362;
327;4;0.42736;
328;4;0.427358;
329;4;0.427357;
330;4;0.427355;
331;4;0.427354;
332;4;0.427352;
333;4;0.427351;
334;4;0.427349;
335;4;0.427348;
336;4;0.427347;
337;4;0.427346;
338;4;0.427344;
339;4;0.427343;
340;4;0.427342;
341;4;0.427341;
342;4;0.42734;
343;4;0.427339;
344;4;0.427339;
345;4;0.427338;
346;4;0.427337;
347;4;0.427336;
348;4;0.427335;
349;4;0.427335;
350;4;0.427334;
351;4;0.427333;
352;4;0.427333;
353;4;0.427332;
354;4;0.427331;
355;4;0.427331;
356;4;0.42733;
357;4;0.42733;
358;4;0.427329;
359;4;0.427329;
360;4;0.427328;
361;4;0.427328;
362;4;0.427327;
363;4;0.427327;
364;4;0.427327;
365;4;0.427326;
366;4;0.427326;
367;4;0.427326;
368;4;0.427325;
369;4;0.427325;
370;4;0.427325;
371;4;0.427324;
372;4;0.427324;
373;4;0.427324;
374;4;0.427324;
375;4;0.427323;
376;4;0.427323;
377;4;0.427323;
378;4;0.427323;
379;4;0.427322;
380;4;0.427322;
381;4;0.427322;
382;4;0.427322;
383;4;0.427322;
384;4;0.427322;
385;4;0.427321;
386;4;0.427321;
387;4;0.427321;
388;4;0.427321;
389;4;0.427321;
390;4;0.427321;
391;4;0.427321;
392;4;0.42732;
393;4;0.42732;
394;4;0.42732;
395;4;0.42732;
396;4;0.42732;
397;4;0.42732;
398;4;0.42732;
399;4;0.42732;
400;4;0.42732;
401;4;0.42732;
402;4;0.427319;
403;4;0.427319;
404;4;0.427319;
405;4;0.427319;
406;4;0.427319;
407;4;0.427319;
408;4;0.427319;
409;4;0.427319;
410;4;0.427319;
411;4;0.427319;
412;4;0.427319;
413;4;0.427319;
414;4;0.427319;
415;4;0.427319;
416;4;0.427319;
417;4;0.427319;
418;4;0.427319;
419;4;0.427319;
420;4;0.427318;
421;4;0.427318;
422;4;0.427318;
423;4;0.427318;
424;4;0.427318;
425;4;0.427318;
426;4;0.427318;
427;4;0.427318;
428;4;0.427318;
429;4;0.427318;
430;4;0.427318;
431;4;0.427318;
432;4;0.427318;
433;4;0.427318;
434;4;0.427318;
435;4;0.427318;
436;4;0.427318;
437;4;0.427318;
438;4;0.427318;
439;4;0.427318;
440;4;0.427318;
441;4;0.427318;
442;4;0.427318;
443;4;0.427318;
444;4;0.427318;
445;4;0.427318;
446;4;0.427318;
447;4;0.427318;
448;4;0.427318;
449;4;0.427318;
450;4;0.427318;
451;4;0.427318;
452;4;0.427318;
453;4;0.427318;
454;4;0.427318;
455;4;0.427318;
456;4;0.427318;
457;4;0.427318;
458;4;0.427318;
459;4;0.427318;
460;4;0.427318;
461;4;0.427318;
462;4;0.427318;
463;4;0.427318;
464;4;0.427318;
465;4;0.427318;
466;4;0.427318;
467;4;0.427318;
468;4;0.427318;
469;4;0.427318;
470;4;0.427318;
471;4;0.427318;
472;4;0.427318;
473;4;0.427318;
474;4;0.427318;
475;4;0.427318;
476;4;0.427318;
477;4;0.427318;
478;4;0.427318;
479;4;0.427318;
480;4;0.427318;
481;4;0.427318;
482;4;0.427318;
483;4;0.427318;
484;4;0.427318;
485;4;0.427318;
486;4;0.427318;
487;4;0.427318;
488;4;0.427318;
489;4;0.427318;
490;4;0.427318;
491;4;0.427318;
492;4;0.427318;
493;4;0.427318;
494;4;0.427318;
495;4;0.427318;
496;4;0.427318;
497;4;0.427318;
498;4;0.427318;
499;4;0.427318;
0;4;0.491669;
0;5;0.481792;
1;5;0.47232;
2;5;0.463237;
3;5;0.454526;
4;5;0.446172;
5;5;0.438161;
6;5;0.430479;
7;5;0.423112;
8;5;0.416047;
9;5;0.409271;
10;5;0.402774;
11;5;0.396543;
12;5;0.390567;
13;5;0.384837;
14;5;0.379341;
15;5;0.374071;
16;5;0.369017;
17;5;0.364171;
18;5;0.359523;
19;5;0.355066;
20;5;0.350791;
21;5;0.346692;
22;5;0.342761;
23;5;0.338992;
24;5;0.335376;
25;5;0.33191;
26;5;0.328585;
27;5;0.325396;
28;5;0.322339;
29;5;0.319407;
30;5;0.316595;
31;5;0.313898;
32;5;0.311312;
33;5;0.308832;
34;5;0.306454;
35;5;0.304173;
36;5;0.301986;
37;5;0.299889;
38;5;0.297877;
39;5;0.295949;
40;5;0.294099;
41;5;0.292325;
42;5;0.290624;
43;5;0.288992;
44;5;0.287428;
45;5;0.285927;
46;5;0.284488;
47;5;0.283109;
48;5;0.281785;
49;5;0.280517;
50;5;0.2793;
51;5;0.278133;
52;5;0.277013;
53;5;0.27594;
54;5;0.274911;
55;5;0.273924;
56;5;0.272978;
57;5;0.27207;
58;5;0.271199;
59;5;0.270365;
60;5;0.269564;
61;5;0.268796;
62;5;0.26806;
63;5;0.267354;
64;5;0.266677;
65;5;0.266028;
66;5;0.265405;
67;5;0.264808;
68;5;0.264235;
69;5;0.263686;
70;5;0.263159;
71;5;0.262654;
72;5;0.26217;
73;5;0.261706;
74;5;0.26126;
75;5;0.260833;
76;5;0.260423;
77;5;0.260031;
78;5;0.259654;
79;5;0.259293;
80;5;0.258946;
81;5;0.258614;
82;5;0.258295;
83;5;0.25799;
84;5;0.257697;
85;5;0.257416;
86;5;0.257146;
87;5;0.256888;
88;5;0.25664;
89;5;0.256402;
90;5;0.256175;
91;5;0.255956;
92;5;0.255746;
93;5;0.255545;
94;5;0.255353;
95;5;0.255168;
96;5;0.254991;
97;5;0.254821;
98;5;0.254658;
99;5;0.254501;
100;5;0.984187;
101;5;0.95411;
102;5;0.925267;
103;5;0.897607;
104;5;0.871081;
105;5;0.845644;
106;5;0.821249;
107;5;0.797855;
108;5;0.77542;
109;5;0.753906;
110;5;0.733274;
111;5;0.713488;
112;5;0.694514;
113;5;0.676317;
114;5;0.658867;
115;5;0.642133;
116;5;0.626085;
117;5;0.610696;
118;5;0.595937;
119;5;0.581784;
120;5;0.568211;
121;5;0.555195;
122;5;0.542712;
123;5;0.530742;
124;5;0.519263;
125;5;0.508254;
126;5;0.497697;
127;5;0.487573;
128;5;0.477864;
129;5;0.468553;
130;5;0.459624;
131;5;0.451061;
132;5;0.44285;
133;5;0.434975;
134;5;0.427424;
135;5;0.420182;
136;5;0.413237;
137;5;0.406576;
138;5;0.400189;
139;5;0.394064;
140;5;0.38819;
141;5;0.382558;
142;5;0.377156;
143;5;0.371975;
144;5;0.367007;
145;5;0.362243;
146;5;0.357674;
147;5;0.353293;
148;5;0.349091;
149;5;0.345062;
150;5;0.341198;
151;5;0.337492;
152;5;0.333939;
153;5;0.330531;
154;5;0.327263;
155;5;0.324128;
156;5;0.321123;
157;5;0.318241;
158;5;0.315476;
159;5;0.312826;
160;5;0.310284;
161;5;0.307846;
162;5;0.305508;
163;5;0.303266;
164;5;0.301116;
165;5;0.299055;
166;5;0.297077;
167;5;0.295181;
168;5;0.293363;
169;5;0.291619;
170;5;0.289947;
171;5;0.288343;
172;5;0.286805;
173;5;0.285331;
174;5;0.283916;
175;5;0.28256;
176;5;0.281259;
177;5;0.280012;
178;5;0.278816;
179;5;0.277668;
180;5;0.276568;
181;5;0.275513;
182;5;0.274502;
183;5;0.273531;
184;5;0.272601;
185;5;0.271709;
186;5;0.270853;
187;5;0.270033;
188;5;0.269246;
189;5;0.268491;
190;5;0.267767;
191;5;0.267073;
192;5;0.266408;
193;5;0.265769;
194;5;0.265157;
195;5;0.26457;
196;5;0.264008;
197;5;0.263468;
198;5;0.26295;
199;5;0.262454;
200;5;0.261978;
201;5;0.261521;
202;5;0.261083;
203;5;0.260663;
204;5;0.260261;
205;5;0.259874;
206;5;0.259504;
207;5;0.259149;
208;5;0.258808;
209;5;0.258482;
210;5;0.258169;
211;5;0.257868;
212;5;0.25758;
213;5;0.257304;
214;5;0.257039;
215;5;0.256785;
216;5;0.256542;
217;5;0.256308;
218;5;0.256084;
219;5;0.255869;
220;5;0.255663;
221;5;0.255465;
222;5;0.255276;
223;5;0.255094;
224;5;0.25492;
225;5;0.254753;
226;5;0.254593;
227;5;0.254439;
228;5;0.254292;
229;5;0.25415;
230;5;0.254015;
231;5;0.253885;
232;5;0.25376;
233;5;0.253641;
234;5;0.253526;
235;5;0.253416;
236;5;0.253311;
237;5;0.253209;
238;5;0.253113;
239;5;0.25302;
240;5;0.25293;
241;5;0.252845;
242;5;0.252763;
243;5;0.252684;
244;5;0.252609;
245;5;0.252537;
246;5;0.252467;
247;5;0.252401;
248;5;0.252337;
249;5;0.252276;
250;5;0.252217;
251;5;0.252161;
252;5;0.252107;
253;5;0.252055;
254;5;0.252006;
255;5;0.251958;
256;5;0.251912;
257;5;0.251869;
258;5;0.251827;
259;5;0.251786;
260;5;0.251748;
261;5;0.251711;
262;5;0.251675;
263;5;0.251641;
264;5;0.251609;
265;5;0.251577;
266;5;0.251547;
267;5;0.251519;
268;5;0.251491;
269;5;0.251464;
270;5;0.251439;
271;5;0.251415;
272;5;0.251391;
273;5;0.251369;
274;5;0.251348;
275;5;0.251327;
276;5;0.251307;
277;5;0.251288;
278;5;0.25127;
279;5;0.251253;
280;5;0.251236;
281;5;0.25122;
282;5;0.251205;
283;5;0.25119;
284;5;0.251176;
285;5;0.251162;
286;5;0.251149;
287;5;0.251137;
288;5;0.251125;
289;5;0.251113;
290;5;0.251102;
291;5;0.251092;
292;5;0.251082;
293;5;0.251072;
294;5;0.251063;
295;5;0.251054;
296;5;0.251045;
297;5;0.251037;
298;5;0.251029;
299;5;0.251022;
300;5;0.251015;
301;5;0.251008;
302;5;0.251001;
303;5;0.250995;
304;5;0.250988;
305;5;0.250983;
306;5;0.250977;
307;5;0.250972;
308;5;0.250966;
309;5;0.250961;
310;5;0.250957;
311;5;0.250952;
312;5;0.250948;
313;5;0.250944;
314;5;0.25094;
315;5;0.250936;
316;5;0.250932;
317;5;0.250928;
318;5;0.250925;
319;5;0.250922;
320;5;0.250919;
321;5;0.250916;
322;5;0.250913;
323;5;0.25091;
324;5;0.250907;
325;5;0.250905;
326;5;0.250902;
327;5;0.2509;
328;5;0.250898;
329;5;0.250896;
330;5;0.250894;
331;5;0.250892;
332;5;0.25089;
333;5;0.250888;
334;5;0.250886;
335;5;0.250885;
336;5;0.250883;
337;5;0.250881;
338;5;0.25088;
339;5;0.250879;
340;5;0.250877;
341;5;0.250876;
342;5;0.250875;
343;5;0.250873;
344;5;0.250872;
345;5;0.250871;
346;5;0.25087;
347;5;0.250869;
348;5;0.250868;
349;5;0.250867;
350;5;0.250866;
351;5;0.250865;
352;5;0.250865;
353;5;0.250864;
354;5;0.250863;
355;5;0.250862;
356;5;0.250862;
357;5;0.250861;
358;5;0.25086;
359;5;0.25086;
360;5;0.250859;
361;5;0.250859;
362;5;0.250858;
363;5;0.250858;
364;5;0.250857;
365;5;0.250857;
366;5;0.250856;
367;5;0.250856;
368;5;0.250855;
369;5;0.250855;
370;5;0.250855;
371;5;0.250854;
372;5;0.250854;
373;5;0.250853;
374;5;0.250853;
375;5;0.250853;
376;5;0.250853;
377;5;0.250852;
378;5;0.250852;
379;5;0.250852;
380;5;0.250851;
381;5;0.250851;
382;5;0.250851;
383;5;0.250851;
384;5;0.250851;
385;5;0.25085;
386;5;0.25085;
387;5;0.25085;
388;5;0.25085;
389;5;0.25085;
390;5;0.250849;
391;5;0.250849;
392;5;0.250849;
393;5;0.250849;
394;5;0.250849;
395;5;0.250849;
396;5;0.250849;
397;5;0.250848;
398;5;0.250848;
399;5;0.250848;
400;5;0.250848;
401;5;0.250848;
402;5;0.250848;
403;5;0.250848;
404;5;0.250848;
405;5;0.250848;
406;5;0.250848;
407;5;0.250847;
408;5;0.250847;
409;5;0.250847;
410;5;0.250847;
411;5;0.250847;
412;5;0.250847;
413;5;0.250847;
414;5;0.250847;
415;5;0.250847;
416;5;0.250847;
417;5;0.250847;
418;5;0.250847;
419;5;0.250847;
420;5;0.250847;
421;5;0.250847;
422;5;0.250847;
423;5;0.250847;
424;5;0.250846;
425;5;0.250846;
426;5;0.250846;
427;5;0.250846;
428;5;0.250846;
429;5;0.250846;
430;5;0.250846;
431;5;0.250846;
432;5;0.250846;
433;5;0.250846;
434;5;0.250846;
435;5;0.250846;
436;5;0.250846;
437;5;0.250846;
438;5;0.250846;
439;5;0.250846;
440;5;0.250846;
441;5;0.250846;
442;5;0.250846;
443;5;0.250846;
444;5;0.250846;
445;5;0.250846;
446;5;0.250846;
447;5;0.250846;
448;5;0.250846;
449;5;0.250846;
450;5;0.250846;
451;5;0.250846;
452;5;0.250846;
453;5;0.250846;
454;5;0.250846;
455;5;0.250846;
456;5;0.250846;
457;5;0.250846;
458;5;0.250846;
459;5;0.250846;
460;5;0.250846;
461;5;0.250846;
462;5;0.250846;
463;5;0.250846;
464;5;0.250846;
465;5;0.250846;
466;5;0.250846;
467;5;0.250846;
468;5;0.250846;
469;5;0.250846;
470;5;0.250846;
471;5;0.250846;
472;5;0.250846;
473;5;0.250846;
474;5;0.250846;
475;5;0.250846;
476;5;0.250846;
477;5;0.250846;
478;5;0.250846;
479;5;0.250846;
480;5;0.250846;
481;5;0.250846;
482;5;0.250846;
483;5;0.250846;
484;5;0.250846;
485;5;0.250846;
486;5;0.250846;
487;5;0.250846;
488;5;0.250846;
489;5;0.250846;
490;5;0.250846;
491;5;0.250846;
492;5;0.250846;
493;5;0.250846;
494;5;0.250846;
495;5;0.250846;
496;5;0.250846;
497;5;0.250846;
498;5;0.250846;
499;5;0.250846;
0;5;0.387923;
0;6;0.379842;
1;6;0.372144;
2;6;0.36481;
3;6;0.357824;
4;6;0.351168;
5;6;0.344828;
6;6;0.338787;
7;6;0.333033;
8;6;0.327551;
9;6;0.322329;
10;6;0.317354;
11;6;0.312615;
12;6;0.3081;
13;6;0.303799;
14;6;0.299701;
15;6;0.295798;
16;6;0.292079;
17;6;0.288537;
18;6;0.285162;
19;6;0.281947;
20;6;0.278884;
21;6;0.275967;
22;6;0.273187;
23;6;0.270539;
24;6;0.268017;
25;6;0.265613;
26;6;0.263324;
27;6;0.261143;
28;6;0.259066;
29;6;0.257086;
30;6;0.255201;
31;6;0.253405;
32;6;0.251693;
33;6;0.250063;
34;6;0.24851;
35;6;0.247031;
36;6;0.245621;
37;6;0.244279;
38;6;0.243;
39;6;0.241781;
40;6;0.24062;
41;6;0.239514;
42;6;0.238461;
43;6;0.237457;
44;6;0.236501;
45;6;0.23559;
46;6;0.234723;
47;6;0.233896;
48;6;0.233109;
49;6;0.232359;
50;6;0.231644;
51;6;0.230963;
52;6;0.230315;
53;6;0.229697;
54;6;0.229108;
55;6;0.228547;
56;6;0.228013;
57;6;0.227504;
58;6;0.22702;
59;6;0.226558;
60;6;0.226118;
61;6;0.225699;
62;6;0.225299;
63;6;0.224919;
64;6;0.224557;
65;6;0.224211;
66;6;0.223883;
67;6;0.223569;
68;6;0.223271;
69;6;0.222987;
70;6;0.222716;
71;6;0.222458;
72;6;0.222212;
73;6;0.221978;
74;6;0.221755;
75;6;0.221542;
76;6;0.22134;
77;6;0.221147;
78;6;0.220963;
79;6;0.220788;
80;6;0.220621;
81;6;0.220462;
82;6;0.220311;
83;6;0.220167;
84;6;0.22003;
85;6;0.219899;
86;6;0.219774;
87;6;0.219655;
88;6;0.219542;
89;6;0.219434;
90;6;0.219332;
91;6;0.219234;
92;6;0.219141;
93;6;0.219052;
94;6;0.218968;
95;6;0.218887;
96;6;0.21881;
97;6;0.218737;
98;6;0.218668;
99;6;0.218601;
100;6;0.960919;
101;6;0.925705;
102;6;0.892159;
103;6;0.860202;
104;6;0.829758;
105;6;0.800755;
106;6;0.773126;
107;6;0.746805;
108;6;0.72173;
109;6;0.697843;
110;6;0.675087;
111;6;0.653408;
112;6;0.632756;
113;6;0.613082;
114;6;0.594339;
115;6;0.576484;
116;6;0.559475;
117;6;0.543271;
118;6;0.527834;
119;6;0.513128;
120;6;0.499118;
121;6;0.485772;
122;6;0.473058;
123;6;0.460946;
124;6;0.449407;
125;6;0.438415;
126;6;0.427943;
127;6;0.417967;
128;6;0.408463;
129;6;0.39941;
130;6;0.390785;
131;6;0.382569;
132;6;0.374741;
133;6;0.367285;
134;6;0.360181;
135;6;0.353414;
136;6;0.346967;
137;6;0.340825;
138;6;0.334975;
139;6;0.329401;
140;6;0.324091;
141;6;0.319033;
142;6;0.314214;
143;6;0.309623;
144;6;0.30525;
145;6;0.301084;
146;6;0.297115;
147;6;0.293334;
148;6;0.289732;
149;6;0.286301;
150;6;0.283032;
151;6;0.279918;
152;6;0.276951;
153;6;0.274125;
154;6;0.271433;
155;6;0.268868;
156;6;0.266424;
157;6;0.264097;
158;6;0.261879;
159;6;0.259767;
160;6;0.257754;
161;6;0.255837;
162;6;0.254011;
163;6;0.252271;
164;6;0.250613;
165;6;0.249034;
166;6;0.24753;
167;6;0.246097;
168;6;0.244732;
169;6;0.243431;
170;6;0.242192;
171;6;0.241012;
172;6;0.239888;
173;6;0.238816;
174;6;0.237796;
175;6;0.236824;
176;6;0.235898;
177;6;0.235016;
178;6;0.234175;
179;6;0.233374;
180;6;0.232612;
181;6;0.231885;
182;6;0.231193;
183;6;0.230533;
184;6;0.229905;
185;6;0.229307;
186;6;0.228737;
187;6;0.228193;
188;6;0.227676;
189;6;0.227183;
190;6;0.226714;
191;6;0.226266;
192;6;0.22584;
193;6;0.225434;
194;6;0.225047;
195;6;0.224679;
196;6;0.224328;
197;6;0.223994;
198;6;0.223675;
199;6;0.223372;
200;6;0.223082;
201;6;0.222807;
202;6;0.222545;
203;6;0.222295;
204;6;0.222057;
205;6;0.22183;
206;6;0.221614;
207;6;0.221408;
208;6;0.221212;
209;6;0.221025;
210;6;0.220847;
211;6;0.220677;
212;6;0.220516;
213;6;0.220362;
214;6;0.220216;
215;6;0.220076;
216;6;0.219943;
217;6;0.219816;
218;6;0.219695;
219;6;0.21958;
220;6;0.219471;
221;6;0.219366;
222;6;0.219267;
223;6;0.219172;
224;6;0.219082;
225;6;0.218996;
226;6;0.218914;
227;6;0.218836;
228;6;0.218762;
229;6;0.218691;
230;6;0.218624;
231;6;0.218559;
232;6;0.218498;
233;6;0.21844;
234;6;0.218384;
235;6;0.218331;
236;6;0.218281;
237;6;0.218233;
238;6;0.218187;
239;6;0.218143;
240;6;0.218102;
241;6;0.218062;
242;6;0.218025;
243;6;0.217989;
244;6;0.217955;
245;6;0.217922;
246;6;0.217891;
247;6;0.217861;
248;6;0.217833;
249;6;0.217806;
250;6;0.217781;
251;6;0.217756;
252;6;0.217733;
253;6;0.217711;
254;6;0.21769;
255;6;0.21767;
256;6;0.217651;
257;6;0.217633;
258;6;0.217615;
259;6;0.217599;
260;6;0.217583;
261;6;0.217568;
262;6;0.217554;
263;6;0.21754;
264;6;0.217527;
265;6;0.217515;
266;6;0.217503;
267;6;0.217492;
268;6;0.217481;
269;6;0.217471;
270;6;0.217461;
271;6;0.217452;
272;6;0.217443;
273;6;0.217435;
274;6;0.217427;
275;6;0.217419;
276;6;0.217412;
277;6;0.217405;
278;6;0.217399;
279;6;0.217392;
280;6;0.217387;
281;6;0.217381;
282;6;0.217375;
283;6;0.21737;
284;6;0.217365;
285;6;0.217361;
286;6;0.217356;
287;6;0.217352;
288;6;0.217348;
289;6;0.217344;
290;6;0.21734;
291;6;0.217337;
292;6;0.217334;
293;6;0.21733;
294;6;0.217327;
295;6;0.217324;
296;6;0.217322;
297;6;0.217319;
298;6;0.217317;
299;6;0.217314;
300;6;0.217312;
301;6;0.21731;
302;6;0.217308;
303;6;0.217306;
304;6;0.217304;
305;6;0.217302;
306;6;0.2173;
307;6;0.217299;
308;6;0.217297;
309;6;0.217296;
310;6;0.217294;
311;6;0.217293;
312;6;0.217292;
313;6;0.217291;
314;6;0.21729;
315;6;0.217288;
316;6;0.217287;
317;6;0.217286;
318;6;0.217285;
319;6;0.217285;
320;6;0.217284;
321;6;0.217283;
322;6;0.217282;
323;6;0.217281;
324;6;0.217281;
325;6;0.21728;
326;6;0.217279;
327;6;0.217279;
328;6;0.217278;
329;6;0.217278;
330;6;0.217277;
331;6;0.217277;
332;6;0.217276;
333;6;0.217276;
334;6;0.217275;
335;6;0.217275;
336;6;0.217274;
337;6;0.217274;
338;6;0.217274;
339;6;0.217273;
340;6;0.217273;
341;6;0.217273;
342;6;0.217272;
343;6;0.217272;
344;6;0.217272;
345;6;0.217272;
346;6;0.217271;
347;6;0.217271;
348;6;0.217271;
349;6;0.217271;
350;6;0.217271;
351;6;0.21727;
352;6;0.21727;
353;6;0.21727;
354;6;0.21727;
355;6;0.21727;
356;6;0.217269;
357;6;0.217269;
358;6;0.217269;
359;6;0.217269;
360;6;0.217269;
361;6;0.217269;
362;6;0.217269;
363;6;0.217269;
364;6;0.217269;
365;6;0.217268;
366;6;0.217268;
367;6;0.217268;
368;6;0.217268;
369;6;0.217268;
370;6;0.217268;
371;6;0.217268;
372;6;0.217268;
373;6;0.217268;
374;6;0.217268;
375;6;0.217268;
376;6;0.217268;
377;6;0.217268;
378;6;0.217268;
379;6;0.217267;
380;6;0.217267;
381;6;0.217267;
382;6;0.217267;
383;6;0.217267;
384;6;0.217267;
385;6;0.217267;
386;6;0.217267;
387;6;0.217267;
388;6;0.217267;
389;6;0.217267;
390;6;0.217267;
391;6;0.217267;
392;6;0.217267;
393;6;0.217267;
394;6;0.217267;
395;6;0.217267;
396;6;0.217267;
397;6;0.217267;
398;6;0.217267;
399;6;0.217267;
400;6;0.217267;
401;6;0.217267;
402;6;0.217267;
403;6;0.217267;
404;6;0.217267;
405;6;0.217267;
406;6;0.217267;
407;6;0.217267;
408;6;0.217267;
409;6;0.217267;
410;6;0.217267;
411;6;0.217267;
412;6;0.217267;
413;6;0.217267;
414;6;0.217267;
415;6;0.217267;
416;6;0.217267;
417;6;0.217267;
418;6;0.217267;
419;6;0.217267;
420;6;0.217267;
421;6;0.217267;
422;6;0.217267;
423;6;0.217267;
424;6;0.217267;
425;6;0.217267;
426;6;0.217267;
427;6;0.217267;
428;6;0.217267;
429;6;0.217267;
430;6;0.217267;
431;6;0.217267;
432;6;0.217267;
433;6;0.217267;
434;6;0.217267;
435;6;0.217267;
436;6;0.217267;
437;6;0.217267;
438;6;0.217267;
439;6;0.217267;
440;6;0.217267;
441;6;0.217267;
442;6;0.217267;
443;6;0.217267;
444;6;0.217267;
445;6;0.217267;
446;6;0.217267;
447;6;0.217267;
448;6;0.217267;
449;6;0.217267;
450;6;0.217267;
451;6;0.217267;
452;6;0.217267;
453;6;0.217267;
454;6;0.217267;
455;6;0.217267;
456;6;0.217267;
457;6;0.217267;
458;6;0.217267;
459;6;0.217267;
460;6;0.217267;
461;6;0.217267;
462;6;0.217267;
463;6;0.217267;
464;6;0.217267;
465;6;0.217267;
466;6;0.217267;
467;6;0.217267;
468;6;0.217267;
469;6;0.217267;
470;6;0.217267;
471;6;0.217267;
472;6;0.217267;
473;6;0.217267;
474;6;0.217266;
475;6;0.217266;
476;6;0.217266;
477;6;0.217266;
478;6;0.217266;
479;6;0.217266;
480;6;0.217266;
481;6;0.217266;
482;6;0.217266;
483;6;0.217266;
484;6;0.217266;
485;6;0.217266;
486;6;0.217266;
487;6;0.217266;
488;6;0.217266;
489;6;0.217266;
490;6;0.217266;
491;6;0.217266;
492;6;0.217266;
493;6;0.217266;
494;6;0.217266;
495;6;0.217266;
496;6;0.217266;
497;6;0.217266;
498;6;0.217266;
499;6;0.217266;
0;6;0.458681;
0;7;0.452394;
1;7;0.446404;
2;7;0.440699;
3;7;0.435263;
4;7;0.430085;
5;7;0.425152;
6;7;0.420452;
7;7;0.415976;
8;7;0.411711;
9;7;0.407648;
10;7;0.403777;
11;7;0.40009;
12;7;0.396577;
13;7;0.393231;
14;7;0.390043;
15;7;0.387006;
16;7;0.384113;
17;7;0.381357;
18;7;0.378731;
19;7;0.37623;
20;7;0.373847;
21;7;0.371577;
22;7;0.369414;
23;7;0.367354;
24;7;0.365392;
25;7;0.363522;
26;7;0.361741;
27;7;0.360044;
28;7;0.358428;
29;7;0.356888;
30;7;0.355421;
31;7;0.354023;
32;7;0.352692;
33;7;0.351424;
34;7;0.350215;
35;7;0.349064;
36;7;0.347968;
37;7;0.346923;
38;7;0.345928;
39;7;0.34498;
40;7;0.344077;
41;7;0.343216;
42;7;0.342397;
43;7;0.341616;
44;7;0.340872;
45;7;0.340164;
46;7;0.339488;
47;7;0.338845;
48;7;0.338233;
49;7;0.337649;
50;7;0.337093;
51;7;0.336563;
52;7;0.336059;
53;7;0.335578;
54;7;0.33512;
55;7;0.334684;
56;7;0.334268;
57;7;0.333872;
58;7;0.333495;
59;7;0.333136;
60;7;0.332794;
61;7;0.332468;
62;7;0.332157;
63;7;0.331861;
64;7;0.331579;
65;7;0.33131;
66;7;0.331055;
67;7;0.330811;
68;7;0.330579;
69;7;0.330357;
70;7;0.330147;
71;7;0.329946;
72;7;0.329755;
73;7;0.329573;
74;7;0.329399;
75;7;0.329234;
76;7;0.329076;
77;7;0.328926;
78;7;0.328783;
79;7;0.328647;
80;7;0.328517;
81;7;0.328394;
82;7;0.328276;
83;7;0.328164;
84;7;0.328057;
85;7;0.327955;
86;7;0.327858;
87;7;0.327766;
88;7;0.327678;
89;7;0.327594;
90;7;0.327514;
91;7;0.327438;
92;7;0.327365;
93;7;0.327296;
94;7;0.327231;
95;7;0.327168;
96;7;0.327108;
97;7;0.327051;
98;7;0.326997;
99;7;0.326946;
100;7;0.888116;
101;7;0.861495;
102;7;0.836134;
103;7;0.811973;
104;7;0.788957;
105;7;0.767031;
106;7;0.746143;
107;7;0.726244;
108;7;0.707287;
109;7;0.689228;
110;7;0.672024;
111;7;0.655635;
112;7;0.640022;
113;7;0.625148;
114;7;0.610978;
115;7;0.59748;
116;7;0.58462;
117;7;0.57237;
118;7;0.560699;
119;7;0.549582;
120;7;0.53899;
121;7;0.5289;
122;7;0.519288;
123;7;0.510131;
124;7;0.501408;
125;7;0.493098;
126;7;0.485181;
127;7;0.477639;
128;7;0.470454;
129;7;0.46361;
130;7;0.457089;
131;7;0.450877;
132;7;0.44496;
133;7;0.439323;
134;7;0.433952;
135;7;0.428836;
136;7;0.423962;
137;7;0.419319;
138;7;0.414896;
139;7;0.410682;
140;7;0.406668;
141;7;0.402844;
142;7;0.399201;
143;7;0.39573;
144;7;0.392424;
145;7;0.389274;
146;7;0.386273;
147;7;0.383415;
148;7;0.380692;
149;7;0.378098;
150;7;0.375626;
151;7;0.373272;
152;7;0.371029;
153;7;0.368893;
154;7;0.366857;
155;7;0.364918;
156;7;0.363071;
157;7;0.361311;
158;7;0.359635;
159;7;0.358038;
160;7;0.356516;
161;7;0.355067;
162;7;0.353686;
163;7;0.352371;
164;7;0.351118;
165;7;0.349924;
166;7;0.348787;
167;7;0.347703;
168;7;0.346671;
169;7;0.345688;
170;7;0.344751;
171;7;0.343859;
172;7;0.343009;
173;7;0.342199;
174;7;0.341428;
175;7;0.340693;
176;7;0.339993;
177;7;0.339326;
178;7;0.33869;
179;7;0.338085;
180;7;0.337508;
181;7;0.336959;
182;7;0.336436;
183;7;0.335937;
184;7;0.335462;
185;7;0.33501;
186;7;0.334579;
187;7;0.334168;
188;7;0.333777;
189;7;0.333404;
190;7;0.333049;
191;7;0.332711;
192;7;0.332389;
193;7;0.332082;
194;7;0.33179;
195;7;0.331511;
196;7;0.331246;
197;7;0.330993;
198;7;0.330752;
199;7;0.330523;
200;7;0.330304;
201;7;0.330096;
202;7;0.329898;
203;7;0.329709;
204;7;0.329529;
205;7;0.329357;
206;7;0.329194;
207;7;0.329038;
208;7;0.32889;
209;7;0.328749;
210;7;0.328614;
211;7;0.328486;
212;7;0.328364;
213;7;0.328247;
214;7;0.328137;
215;7;0.328031;
216;7;0.32793;
217;7;0.327835;
218;7;0.327743;
219;7;0.327656;
220;7;0.327574;
221;7;0.327495;
222;7;0.32742;
223;7;0.327348;
224;7;0.32728;
225;7;0.327215;
226;7;0.327153;
227;7;0.327094;
228;7;0.327038;
229;7;0.326984;
230;7;0.326933;
231;7;0.326885;
232;7;0.326838;
233;7;0.326794;
234;7;0.326752;
235;7;0.326712;
236;7;0.326674;
237;7;0.326638;
238;7;0.326603;
239;7;0.32657;
240;7;0.326539;
241;7;0.326509;
242;7;0.32648;
243;7;0.326453;
244;7;0.326427;
245;7;0.326403;
246;7;0.326379;
247;7;0.326357;
248;7;0.326336;
249;7;0.326315;
250;7;0.326296;
251;7;0.326278;
252;7;0.32626;
253;7;0.326243;
254;7;0.326227;
255;7;0.326212;
256;7;0.326198;
257;7;0.326184;
258;7;0.326171;
259;7;0.326158;
260;7;0.326147;
261;7;0.326135;
262;7;0.326124;
263;7;0.326114;
264;7;0.326104;
265;7;0.326095;
266;7;0.326086;
267;7;0.326078;
268;7;0.32607;
269;7;0.326062;
270;7;0.326055;
271;7;0.326048;
272;7;0.326041;
273;7;0.326035;
274;7;0.326029;
275;7;0.326023;
276;7;0.326017;
277;7;0.326012;
278;7;0.326007;
279;7;0.326002;
280;7;0.325998;
281;7;0.325994;
282;7;0.325989;
283;7;0.325986;
284;7;0.325982;
285;7;0.325978;
286;7;0.325975;
287;7;0.325972;
288;7;0.325969;
289;7;0.325966;
290;7;0.325963;
291;7;0.32596;
292;7;0.325958;
293;7;0.325955;
294;7;0.325953;
295;7;0.325951;
296;7;0.325949;
297;7;0.325947;
298;7;0.325945;
299;7;0.325943;
300;7;0.325942;
301;7;0.32594;
302;7;0.325938;
303;7;0.325937;
304;7;0.325935;
305;7;0.325934;
306;7;0.325933;
307;7;0.325932;
308;7;0.32593;
309;7;0.325929;
310;7;0.325928;
311;7;0.325927;
312;7;0.325926;
313;7;0.325925;
314;7;0.325925;
315;7;0.325924;
316;7;0.325923;
317;7;0.325922;
318;7;0.325921;
319;7;0.325921;
320;7;0.32592;
321;7;0.32592;
322;7;0.325919;
323;7;0.325918;
324;7;0.325918;
325;7;0.325917;
326;7;0.325917;
327;7;0.325916;
328;7;0.325916;
329;7;0.325916;
330;7;0.325915;
331;7;0.325915;
332;7;0.325914;
333;7;0.325914;
334;7;0.325914;
335;7;0.325913;
336;7;0.325913;
337;7;0.325913;
338;7;0.325913;
339;7;0.325912;
340;7;0.325912;
341;7;0.325912;
342;7;0.325912;
343;7;0.325911;
344;7;0.325911;
345;7;0.325911;
346;7;0.325911;
347;7;0.325911;
348;7;0.32591;
349;7;0.32591;
350;7;0.32591;
351;7;0.32591;
352;7;0.32591;
353;7;0.32591;
354;7;0.32591;
355;7;0.32591;
356;7;0.325909;
357;7;0.325909;
358;7;0.325909;
359;7;0.325909;
360;7;0.325909;
361;7;0.325909;
362;7;0.325909;
363;7;0.325909;
364;7;0.325909;
365;7;0.325909;
366;7;0.325909;
367;7;0.325908;
368;7;0.325908;
369;7;0.325908;
370;7;0.325908;
371;7;0.325908;
372;7;0.325908;
373;7;0.325908;
374;7;0.325908;
375;7;0.325908;
376;7;0.325908;
377;7;0.325908;
378;7;0.325908;
379;7;0.325908;
380;7;0.325908;
381;7;0.325908;
382;7;0.325908;
383;7;0.325908;
384;7;0.325908;
385;7;0.325908;
386;7;0.325908;
387;7;0.325908;
388;7;0.325908;
389;7;0.325908;
390;7;0.325908;
391;7;0.325908;
392;7;0.325908;
393;7;0.325908;
394;7;0.325907;
395;7;0.325907;
396;7;0.325907;
397;7;0.325907;
398;7;0.325907;
399;7;0.325907;
400;7;0.325907;
401;7;0.325907;
402;7;0.325907;
403;7;0.325907;
404;7;0.325907;
405;7;0.325907;
406;7;0.325907;
407;7;0.325907;
408;7;0.325907;
409;7;0.325907;
410;7;0.325907;
411;7;0.325907;
412;7;0.325907;
413;7;0.325907;
414;7;0.325907;
415;7;0.325907;
416;7;0.325907;
417;7;0.325907;
418;7;0.325907;
419;7;0.325907;
420;7;0.325907;
421;7;0.325907;
422;7;0.325907;
423;7;0.325907;
424;7;0.325907;
425;7;0.325907;
426;7;0.325907;
427;7;0.325907;
428;7;0.325907;
429;7;0.325907;
430;7;0.325907;
431;7;0.325907;
432;7;0.325907;
433;7;0.325907;
434;7;0.325907;
435;7;0.325907;
436;7;0.325907;
437;7;0.325907;
438;7;0.325907;
439;7;0.325907;
440;7;0.325907;
441;7;0.325907;
442;7;0.325907;
443;7;0.325907;
444;7;0.325907;
445;7;0.325907;
446;7;0.325907;
447;7;0.325907;
448;7;0.325907;
449;7;0.325907;
450;7;0.325907;
451;7;0.325907;
452;7;0.325907;
453;7;0.325907;
454;7;0.325907;
455;7;0.325907;
456;7;0.325907;
457;7;0.325907;
458;7;0.325907;
459;7;0.325907;
460;7;0.325907;
461;7;0.325907;
462;7;0.325907;
463;7;0.325907;
464;7;0.325907;
465;7;0.325907;
466;7;0.325907;
467;7;0.325907;
468;7;0.325907;
469;7;0.325907;
470;7;0.325907;
471;7;0.325907;
472;7;0.325907;
473;7;0.325907;
474;7;0.325907;
475;7;0.325907;
476;7;0.325907;
477;7;0.325907;
478;7;0.325907;
479;7;0.325907;
480;7;0.325907;
481;7;0.325907;
482;7;0.325907;
483;7;0.325907;
484;7;0.325907;
485;7;0.325907;
486;7;0.325907;
487;7;0.325907;
488;7;0.325907;
489;7;0.325907;
490;7;0.325907;
491;7;0.325907;
492;7;0.325907;
493;7;0.325907;
494;7;0.325907;
495;7;0.325907;
496;7;0.325907;
497;7;0.325907;
498;7;0.325907;
499;7;0.325907;
0;7;0.420999;
0;8;0.414971;
1;8;0.409228;
2;8;0.403757;
3;8;0.398546;
4;8;0.393581;
5;8;0.388851;
6;8;0.384345;
7;8;0.380052;
8;8;0.375963;
9;8;0.372067;
10;8;0.368356;
11;8;0.36482;
12;8;0.361452;
13;8;0.358243;
14;8;0.355187;
15;8;0.352275;
16;8;0.349501;
17;8;0.346858;
18;8;0.344341;
19;8;0.341942;
20;8;0.339657;
21;8;0.337481;
22;8;0.335407;
23;8;0.333432;
24;8;0.33155;
25;8;0.329757;
26;8;0.32805;
27;8;0.326423;
28;8;0.324873;
29;8;0.323396;
30;8;0.32199;
31;8;0.32065;
32;8;0.319373;
33;8;0.318157;
34;8;0.316998;
35;8;0.315895;
36;8;0.314843;
37;8;0.313842;
38;8;0.312888;
39;8;0.311979;
40;8;0.311113;
41;8;0.310288;
42;8;0.309502;
43;8;0.308753;
44;8;0.30804;
45;8;0.307361;
46;8;0.306713;
47;8;0.306097;
48;8;0.305509;
49;8;0.30495;
50;8;0.304416;
51;8;0.303909;
52;8;0.303425;
53;8;0.302964;
54;8;0.302525;
55;8;0.302106;
56;8;0.301708;
57;8;0.301328;
58;8;0.300967;
59;8;0.300622;
60;8;0.300294;
61;8;0.299981;
62;8;0.299683;
63;8;0.2994;
64;8;0.299129;
65;8;0.298872;
66;8;0.298627;
67;8;0.298393;
68;8;0.29817;
69;8;0.297958;
70;8;0.297756;
71;8;0.297564;
72;8;0.29738;
73;8;0.297205;
74;8;0.297039;
75;8;0.296881;
76;8;0.296729;
77;8;0.296586;
78;8;0.296449;
79;8;0.296318;
80;8;0.296194;
81;8;0.296075;
82;8;0.295962;
83;8;0.295855;
84;8;0.295752;
85;8;0.295655;
86;8;0.295562;
87;8;0.295473;
88;8;0.295389;
89;8;0.295308;
90;8;0.295232;
91;8;0.295159;
92;8;0.295089;
93;8;0.295023;
94;8;0.29496;
95;8;0.2949;
96;8;0.294843;
97;8;0.294788;
98;8;0.294736;
99;8;0.294687;
100;8;0.955553;
101;8;0.924213;
102;8;0.894357;
103;8;0.865914;
104;8;0.838818;
105;8;0.813005;
106;8;0.788415;
107;8;0.764989;
108;8;0.742672;
109;8;0.721412;
110;8;0.701159;
111;8;0.681864;
112;8;0.663484;
113;8;0.645973;
114;8;0.629292;
115;8;0.613401;
116;8;0.598262;
117;8;0.58384;
118;8;0.570101;
119;8;0.557012;
120;8;0.544544;
121;8;0.532665;
122;8;0.521349;
123;8;0.510569;
124;8;0.5003;
125;8;0.490516;
126;8;0.481196;
127;8;0.472318;
128;8;0.463859;
129;8;0.455802;
130;8;0.448125;
131;8;0.440813;
132;8;0.433846;
133;8;0.42721;
134;8;0.420887;
135;8;0.414864;
136;8;0.409126;
137;8;0.40366;
138;8;0.398453;
139;8;0.393492;
140;8;0.388767;
141;8;0.384265;
142;8;0.379976;
143;8;0.37589;
144;8;0.371998;
145;8;0.36829;
146;8;0.364757;
147;8;0.361392;
148;8;0.358187;
149;8;0.355133;
150;8;0.352223;
151;8;0.349452;
152;8;0.346811;
153;8;0.344296;
154;8;0.3419;
155;8;0.339617;
156;8;0.337442;
157;8;0.33537;
158;8;0.333397;
159;8;0.331517;
160;8;0.329726;
161;8;0.328019;
162;8;0.326394;
163;8;0.324845;
164;8;0.32337;
165;8;0.321965;
166;8;0.320626;
167;8;0.31935;
168;8;0.318135;
169;8;0.316978;
170;8;0.315875;
171;8;0.314825;
172;8;0.313824;
173;8;0.312871;
174;8;0.311963;
175;8;0.311097;
176;8;0.310273;
177;8;0.309488;
178;8;0.30874;
179;8;0.308027;
180;8;0.307348;
181;8;0.306702;
182;8;0.306086;
183;8;0.305499;
184;8;0.30494;
185;8;0.304407;
186;8;0.3039;
187;8;0.303416;
188;8;0.302956;
189;8;0.302517;
190;8;0.302099;
191;8;0.301701;
192;8;0.301322;
193;8;0.30096;
194;8;0.300616;
195;8;0.300288;
196;8;0.299976;
197;8;0.299678;
198;8;0.299395;
199;8;0.299125;
200;8;0.298867;
201;8;0.298622;
202;8;0.298389;
203;8;0.298166;
204;8;0.297954;
205;8;0.297752;
206;8;0.29756;
207;8;0.297377;
208;8;0.297202;
209;8;0.297036;
210;8;0.296878;
211;8;0.296727;
212;8;0.296583;
213;8;0.296446;
214;8;0.296316;
215;8;0.296191;
216;8;0.296073;
217;8;0.29596;
218;8;0.295853;
219;8;0.29575;
220;8;0.295653;
221;8;0.29556;
222;8;0.295471;
223;8;0.295387;
224;8;0.295307;
225;8;0.29523;
226;8;0.295157;
227;8;0.295088;
228;8;0.295022;
229;8;0.294959;
230;8;0.294899;
231;8;0.294842;
232;8;0.294787;
233;8;0.294735;
234;8;0.294686;
235;8;0.294639;
236;8;0.294594;
237;8;0.294551;
238;8;0.29451;
239;8;0.294471;
240;8;0.294435;
241;8;0.294399;
242;8;0.294366;
243;8;0.294334;
244;8;0.294303;
245;8;0.294274;
246;8;0.294247;
247;8;0.29422;
248;8;0.294195;
249;8;0.294171;
250;8;0.294149;
251;8;0.294127;
252;8;0.294106;
253;8;0.294087;
254;8;0.294068;
255;8;0.29405;
256;8;0.294033;
257;8;0.294017;
258;8;0.294001;
259;8;0.293987;
260;8;0.293973;
261;8;0.293959;
262;8;0.293947;
263;8;0.293935;
264;8;0.293923;
265;8;0.293912;
266;8;0.293902;
267;8;0.293892;
268;8;0.293882;
269;8;0.293873;
270;8;0.293864;
271;8;0.293856;
272;8;0.293848;
273;8;0.293841;
274;8;0.293834;
275;8;0.293827;
276;8;0.293821;
277;8;0.293814;
278;8;0.293809;
279;8;0.293803;
280;8;0.293798;
281;8;0.293793;
282;8;0.293788;
283;8;0.293783;
284;8;0.293779;
285;8;0.293775;
286;8;0.293771;
287;8;0.293767;
288;8;0.293763;
289;8;0.29376;
290;8;0.293757;
291;8;0.293754;
292;8;0.293751;
293;8;0.293748;
294;8;0.293745;
295;8;0.293743;
296;8;0.29374;
297;8;0.293738;
298;8;0.293736;
299;8;0.293733;
300;8;0.293731;
301;8;0.29373;
302;8;0.293728;
303;8;0.293726;
304;8;0.293724;
305;8;0.293723;
306;8;0.293721;
307;8;0.29372;
308;8;0.293718;
309;8;0.293717;
310;8;0.293716;
311;8;0.293715;
312;8;0.293714;
313;8;0.293713;
314;8;0.293711;
315;8;0.293711;
316;8;0.29371;
317;8;0.293709;
318;8;0.293708;
319;8;0.293707;
320;8;0.293706;
321;8;0.293706;
322;8;0.293705;
323;8;0.293704;
324;8;0.293704;
325;8;0.293703;
326;8;0.293702;
327;8;0.293702;
328;8;0.293701;
329;8;0.293701;
330;8;0.2937;
331;8;0.2937;
332;8;0.2937;
333;8;0.293699;
334;8;0.293699;
335;8;0.293698;
336;8;0.293698;
337;8;0.293698;
338;8;0.293697;
339;8;0.293697;
340;8;0.293697;
341;8;0.293696;
342;8;0.293696;
343;8;0.293696;
344;8;0.293696;
345;8;0.293696;
346;8;0.293695;
347;8;0.293695;
348;8;0.293695;
349;8;0.293695;
350;8;0.293695;
351;8;0.293694;
352;8;0.293694;
353;8;0.293694;
354;8;0.293694;
355;8;0.293694;
356;8;0.293694;
357;8;0.293694;
358;8;0.293693;
359;8;0.293693;
360;8;0.293693;
361;8;0.293693;
362;8;0.293693;
363;8;0.293693;
364;8;0.293693;
365;8;0.293693;
366;8;0.293693;
367;8;0.293693;
368;8;0.293692;
369;8;0.293692;
370;8;0.293692;
371;8;0.293692;
372;8;0.293692;
373;8;0.293692;
374;8;0.293692;
375;8;0.293692;
376;8;0.293692;
377;8;0.293692;
378;8;0.293692;
379;8;0.293692;
380;8;0.293692;
381;8;0.293692;
382;8;0.293692;
383;8;0.293692;
384;8;0.293692;
385;8;0.293692;
386;8;0.293692;
387;8;0.293692;
388;8;0.293692;
389;8;0.293691;
390;8;0.293691;
391;8;0.293691;
392;8;0.293691;
393;8;0.293691;
394;8;0.293691;
395;8;0.293691;
396;8;0.293691;
397;8;0.293691;
398;8;0.293691;
399;8;0.293691;
400;8;0.293691;
401;8;0.293691;
402;8;0.293691;
403;8;0.293691;
404;8;0.293691;
405;8;0.293691;
406;8;0.293691;
407;8;0.293691;
408;8;0.293691;
409;8;0.293691;
410;8;0.293691;
411;8;0.293691;
412;8;0.293691;
413;8;0.293691;
414;8;0.293691;
415;8;0.293691;
416;8;0.293691;
417;8;0.293691;
418;8;0.293691;
419;8;0.293691;
420;8;0.293691;
421;8;0.293691;
422;8;0.293691;
423;8;0.293691;
424;8;0.293691;
425;8;0.293691;
426;8;0.293691;
427;8;0.293691;
428;8;0.293691;
429;8;0.293691;
430;8;0.293691;
431;8;0.293691;
432;8;0.293691;
433;8;0.293691;
434;8;0.293691;
435;8;0.293691;
436;8;0.293691;
437;8;0.293691;
438;8;0.293691;
439;8;0.293691;
440;8;0.293691;
441;8;0.293691;
442;8;0.293691;
443;8;0.293691;
444;8;0.293691;
445;8;0.293691;
446;8;0.293691;
447;8;0.293691;
448;8;0.293691;
449;8;0.293691;
450;8;0.293691;
451;8;0.293691;
452;8;0.293691;
453;8;0.293691;
454;8;0.293691;
455;8;0.293691;
456;8;0.293691;
457;8;0.293691;
458;8;0.293691;
459;8;0.293691;
460;8;0.293691;
461;8;0.293691;
462;8;0.293691;
463;8;0.293691;
464;8;0.293691;
465;8;0.293691;
466;8;0.293691;
467;8;0.293691;
468;8;0.293691;
469;8;0.293691;
470;8;0.293691;
471;8;0.293691;
472;8;0.293691;
473;8;0.293691;
474;8;0.293691;
475;8;0.293691;
476;8;0.293691;
477;8;0.293691;
478;8;0.293691;
479;8;0.293691;
480;8;0.293691;
481;8;0.293691;
482;8;0.293691;
483;8;0.293691;
484;8;0.293691;
485;8;0.293691;
486;8;0.293691;
487;8;0.293691;
488;8;0.293691;
489;8;0.293691;
490;8;0.293691;
491;8;0.293691;
492;8;0.293691;
493;8;0.293691;
494;8;0.293691;
495;8;0.293691;
496;8;0.293691;
497;8;0.293691;
498;8;0.293691;
499;8;0.293691;
0;8;0.431976;
0;9;0.423335;
1;9;0.415103;
2;9;0.40726;
3;9;0.399789;
4;9;0.392672;
5;9;0.385892;
6;9;0.379432;
7;9;0.373279;
8;9;0.367417;
9;9;0.361833;
10;9;0.356513;
11;9;0.351445;
12;9;0.346617;
13;9;0.342017;
14;9;0.337635;
15;9;0.333461;
16;9;0.329485;
17;9;0.325696;
18;9;0.322088;
19;9;0.31865;
20;9;0.315374;
21;9;0.312254;
22;9;0.309282;
23;9;0.30645;
24;9;0.303753;
25;9;0.301183;
26;9;0.298735;
27;9;0.296403;
28;9;0.294181;
29;9;0.292064;
30;9;0.290048;
31;9;0.288127;
32;9;0.286297;
33;9;0.284554;
34;9;0.282893;
35;9;0.281311;
36;9;0.279804;
37;9;0.278368;
38;9;0.277001;
39;9;0.275698;
40;9;0.274456;
41;9;0.273274;
42;9;0.272147;
43;9;0.271074;
44;9;0.270052;
45;9;0.269078;
46;9;0.26815;
47;9;0.267266;
48;9;0.266424;
49;9;0.265622;
50;9;0.264857;
51;9;0.264129;
52;9;0.263436;
53;9;0.262775;
54;9;0.262146;
55;9;0.261546;
56;9;0.260975;
57;9;0.260431;
58;9;0.259912;
59;9;0.259418;
60;9;0.258948;
61;9;0.2585;
62;9;0.258073;
63;9;0.257666;
64;9;0.257279;
65;9;0.256909;
66;9;0.256558;
67;9;0.256223;
68;9;0.255904;
69;9;0.255599;
70;9;0.25531;
71;9;0.255034;
72;9;0.254771;
73;9;0.254521;
74;9;0.254282;
75;9;0.254055;
76;9;0.253838;
77;9;0.253632;
78;9;0.253436;
79;9;0.253248;
80;9;0.25307;
81;9;0.2529;
82;9;0.252738;
83;9;0.252584;
84;9;0.252437;
85;9;0.252297;
86;9;0.252164;
87;9;0.252037;
88;9;0.251916;
89;9;0.251801;
90;9;0.251691;
91;9;0.251587;
92;9;0.251487;
93;9;0.251392;
94;9;0.251302;
95;9;0.251216;
96;9;0.251134;
97;9;0.251055;
98;9;0.250981;
99;9;0.25091;
100;9;0.942784;
101;9;0.909955;
102;9;0.87868;
103;9;0.848887;
104;9;0.820504;
105;9;0.793465;
106;9;0.767706;
107;9;0.743168;
108;9;0.719791;
109;9;0.697521;
110;9;0.676305;
111;9;0.656094;
112;9;0.636841;
113;9;0.618499;
114;9;0.601025;
115;9;0.584379;
116;9;0.568521;
117;9;0.553414;
118;9;0.539022;
119;9;0.525312;
120;9;0.512251;
121;9;0.499808;
122;9;0.487955;
123;9;0.476663;
124;9;0.465906;
125;9;0.455657;
126;9;0.445895;
127;9;0.436594;
128;9;0.427734;
129;9;0.419294;
130;9;0.411253;
131;9;0.403593;
132;9;0.396295;
133;9;0.389343;
134;9;0.382721;
135;9;0.376412;
136;9;0.370401;
137;9;0.364676;
138;9;0.359221;
139;9;0.354025;
140;9;0.349075;
141;9;0.344359;
142;9;0.339866;
143;9;0.335586;
144;9;0.331509;
145;9;0.327625;
146;9;0.323925;
147;9;0.3204;
148;9;0.317042;
149;9;0.313843;
150;9;0.310795;
151;9;0.307892;
152;9;0.305126;
153;9;0.302491;
154;9;0.299981;
155;9;0.29759;
156;9;0.295312;
157;9;0.293142;
158;9;0.291075;
159;9;0.289105;
160;9;0.287229;
161;9;0.285442;
162;9;0.283739;
163;9;0.282117;
164;9;0.280572;
165;9;0.279099;
166;9;0.277697;
167;9;0.276361;
168;9;0.275088;
169;9;0.273876;
170;9;0.272721;
171;9;0.27162;
172;9;0.270572;
173;9;0.269573;
174;9;0.268622;
175;9;0.267716;
176;9;0.266852;
177;9;0.26603;
178;9;0.265246;
179;9;0.2645;
180;9;0.263789;
181;9;0.263111;
182;9;0.262466;
183;9;0.261851;
184;9;0.261266;
185;9;0.260708;
186;9;0.260176;
187;9;0.25967;
188;9;0.259187;
189;9;0.258728;
190;9;0.25829;
191;9;0.257873;
192;9;0.257476;
193;9;0.257097;
194;9;0.256737;
195;9;0.256393;
196;9;0.256066;
197;9;0.255754;
198;9;0.255457;
199;9;0.255174;
200;9;0.254905;
201;9;0.254648;
202;9;0.254404;
203;9;0.254171;
204;9;0.253949;
205;9;0.253737;
206;9;0.253536;
207;9;0.253344;
208;9;0.253161;
209;9;0.252987;
210;9;0.252821;
211;9;0.252663;
212;9;0.252512;
213;9;0.252369;
214;9;0.252232;
215;9;0.252102;
216;9;0.251978;
217;9;0.25186;
218;9;0.251747;
219;9;0.25164;
220;9;0.251538;
221;9;0.25144;
222;9;0.251348;
223;9;0.251259;
224;9;0.251175;
225;9;0.251095;
226;9;0.251019;
227;9;0.250946;
228;9;0.250877;
229;9;0.250811;
230;9;0.250748;
231;9;0.250688;
232;9;0.250631;
233;9;0.250576;
234;9;0.250525;
235;9;0.250475;
236;9;0.250428;
237;9;0.250384;
238;9;0.250341;
239;9;0.2503;
240;9;0.250262;
241;9;0.250225;
242;9;0.25019;
243;9;0.250156;
244;9;0.250124;
245;9;0.250094;
246;9;0.250065;
247;9;0.250037;
248;9;0.250011;
249;9;0.249986;
250;9;0.249962;
251;9;0.249939;
252;9;0.249918;
253;9;0.249897;
254;9;0.249878;
255;9;0.249859;
256;9;0.249841;
257;9;0.249824;
258;9;0.249808;
259;9;0.249793;
260;9;0.249778;
261;9;0.249764;
262;9;0.249751;
263;9;0.249738;
264;9;0.249726;
265;9;0.249714;
266;9;0.249703;
267;9;0.249693;
268;9;0.249683;
269;9;0.249673;
270;9;0.249664;
271;9;0.249656;
272;9;0.249648;
273;9;0.24964;
274;9;0.249632;
275;9;0.249625;
276;9;0.249619;
277;9;0.249612;
278;9;0.249606;
279;9;0.2496;
280;9;0.249595;
281;9;0.249589;
282;9;0.249584;
283;9;0.249579;
284;9;0.249575;
285;9;0.24957;
286;9;0.249566;
287;9;0.249562;
288;9;0.249559;
289;9;0.249555;
290;9;0.249552;
291;9;0.249548;
292;9;0.249545;
293;9;0.249542;
294;9;0.249539;
295;9;0.249537;
296;9;0.249534;
297;9;0.249532;
298;9;0.249529;
299;9;0.249527;
300;9;0.249525;
301;9;0.249523;
302;9;0.249521;
303;9;0.249519;
304;9;0.249518;
305;9;0.249516;
306;9;0.249514;
307;9;0.249513;
308;9;0.249511;
309;9;0.24951;
310;9;0.249509;
311;9;0.249508;
312;9;0.249506;
313;9;0.249505;
314;9;0.249504;
315;9;0.249503;
316;9;0.249502;
317;9;0.249501;
318;9;0.2495;
319;9;0.2495;
320;9;0.249499;
321;9;0.249498;
322;9;0.249497;
323;9;0.249497;
324;9;0.249496;
325;9;0.249495;
326;9;0.249495;
327;9;0.249494;
328;9;0.249494;
329;9;0.249493;
330;9;0.249493;
331;9;0.249492;
332;9;0.249492;
333;9;0.249491;
334;9;0.249491;
335;9;0.24949;
336;9;0.24949;
337;9;0.24949;
338;9;0.249489;
339;9;0.249489;
340;9;0.249489;
341;9;0.249488;
342;9;0.249488;
343;9;0.249488;
344;9;0.249488;
345;9;0.249487;
346;9;0.249487;
347;9;0.249487;
348;9;0.249487;
349;9;0.249487;
350;9;0.249486;
351;9;0.249486;
352;9;0.249486;
353;9;0.249486;
354;9;0.249486;
355;9;0.249486;
356;9;0.249485;
357;9;0.249485;
358;9;0.249485;
359;9;0.249485;
360;9;0.249485;
361;9;0.249485;
362;9;0.249485;
363;9;0.249485;
364;9;0.249485;
365;9;0.249484;
366;9;0.249484;
367;9;0.249484;
368;9;0.249484;
369;9;0.249484;
370;9;0.249484;
371;9;0.249484;
372;9;0.249484;
373;9;0.249484;
374;9;0.249484;
375;9;0.249484;
376;9;0.249484;
377;9;0.249484;
378;9;0.249484;
379;9;0.249484;
380;9;0.249484;
381;9;0.249484;
382;9;0.249483;
383;9;0.249483;
384;9;0.249483;
385;9;0.249483;
386;9;0.249483;
387;9;0.249483;
388;9;0.249483;
389;9;0.249483;
390;9;0.249483;
391;9;0.249483;
392;9;0.249483;
393;9;0.249483;
394;9;0.249483;
395;9;0.249483;
396;9;0.249483;
397;9;0.249483;
398;9;0.249483;
399;9;0.249483;
400;9;0.249483;
401;9;0.249483;
402;9;0.249483;
403;9;0.249483;
404;9;0.249483;
405;9;0.249483;
406;9;0.249483;
407;9;0.249483;
408;9;0.249483;
409;9;0.249483;
410;9;0.249483;
411;9;0.249483;
412;9;0.249483;
413;9;0.249483;
414;9;0.249483;
415;9;0.249483;
416;9;0.249483;
417;9;0.249483;
418;9;0.249483;
419;9;0.249483;
420;9;0.249483;
421;9;0.249483;
422;9;0.249483;
423;9;0.249483;
424;9;0.249483;
425;9;0.249483;
426;9;0.249483;
427;9;0.249483;
428;9;0.249483;
429;9;0.249483;
430;9;0.249483;
431;9;0.249483;
432;9;0.249483;
433;9;0.249483;
434;9;0.249483;
435;9;0.249483;
436;9;0.249483;
437;9;0.249483;
438;9;0.249483;
439;9;0.249483;
440;9;0.249483;
441;9;0.249483;
442;9;0.249483;
443;9;0.249483;
444;9;0.249483;
445;9;0.249483;
446;9;0.249483;
447;9;0.249483;
448;9;0.249483;
449;9;0.249483;
450;9;0.249483;
451;9;0.249483;
452;9;0.249483;
453;9;0.249483;
454;9;0.249483;
455;9;0.249483;
456;9;0.249483;
457;9;0.249483;
458;9;0.249483;
459;9;0.249483;
460;9;0.249483;
461;9;0.249483;
462;9;0.249483;
463;9;0.249483;
464;9;0.249483;
465;9;0.249483;
466;9;0.249483;
467;9;0.249483;
468;9;0.249483;
469;9;0.249483;
470;9;0.249483;
471;9;0.249483;
472;9;0.249483;
473;9;0.249483;
474;9;0.249483;
475;9;0.249483;
476;9;0.249483;
477;9;0.249483;
478;9;0.249483;
479;9;0.249483;
480;9;0.249483;
481;9;0.249483;
482;9;0.249483;
483;9;0.249483;
484;9;0.249483;
485;9;0.249483;
486;9;0.249483;
487;9;0.249483;
488;9;0.249483;
489;9;0.249483;
490;9;0.249483;
491;9;0.249483;
492;9;0.249483;
493;9;0.249483;
494;9;0.249483;
495;9;0.249483;
496;9;0.249483;
497;9;0.249483;
498;9;0.249483;
499;9;0.249483;
0;9;0.5;
0;10;0.489677;
1;10;0.479842;
2;10;0.470473;
3;10;0.461548;
4;10;0.453046;
5;10;0.444946;
6;10;0.43723;
7;10;0.429879;
8;10;0.422876;
9;10;0.416204;
10;10;0.409849;
11;10;0.403794;
12;10;0.398027;
13;10;0.392532;
14;10;0.387298;
15;10;0.382311;
16;10;0.37756;
17;10;0.373035;
18;10;0.368724;
19;10;0.364617;
20;10;0.360704;
21;10;0.356977;
22;10;0.353426;
23;10;0.350043;
24;10;0.34682;
25;10;0.343751;
26;10;0.340826;
27;10;0.33804;
28;10;0.335386;
29;10;0.332857;
30;10;0.330448;
31;10;0.328154;
32;10;0.325968;
33;10;0.323885;
34;10;0.321901;
35;10;0.320011;
36;10;0.318211;
37;10;0.316496;
38;10;0.314862;
39;10;0.313305;
40;10;0.311822;
41;10;0.310409;
42;10;0.309063;
43;10;0.307781;
44;10;0.30656;
45;10;0.305396;
46;10;0.304288;
47;10;0.303232;
48;10;0.302226;
49;10;0.301268;
50;10;0.300355;
51;10;0.299485;
52;10;0.298657;
53;10;0.297867;
54;10;0.297115;
55;10;0.296399;
56;10;0.295717;
57;10;0.295067;
58;10;0.294447;
59;10;0.293857;
60;10;0.293295;
61;10;0.29276;
62;10;0.29225;
63;10;0.291764;
64;10;0.291301;
65;10;0.29086;
66;10;0.29044;
67;10;0.29004;
68;10;0.289658;
69;10;0.289295;
70;10;0.288949;
71;10;0.288619;
72;10;0.288305;
73;10;0.288006;
74;10;0.287721;
75;10;0.28745;
76;10;0.287191;
77;10;0.286945;
78;10;0.28671;
79;10;0.286486;
80;10;0.286273;
81;10;0.28607;
82;10;0.285877;
83;10;0.285693;
84;10;0.285517;
85;10;0.28535;
86;10;0.285191;
87;10;0.285039;
88;10;0.284895;
89;10;0.284757;
90;10;0.284626;
91;10;0.284501;
92;10;0.284382;
93;10;0.284269;
94;10;0.284161;
95;10;0.284058;
96;10;0.28396;
97;10;0.283866;
98;10;0.283777;
99;10;0.283693;
100;10;0.938843;
101;10;0.90774;
102;10;0.87811;
103;10;0.849882;
104;10;0.822991;
105;10;0.797374;
106;10;0.772969;
107;10;0.74972;
108;10;0.727572;
109;10;0.706473;
110;10;0.686373;
111;10;0.667225;
112;10;0.648983;
113;10;0.631605;
114;10;0.61505;
115;10;0.599279;
116;10;0.584255;
117;10;0.569942;
118;10;0.556307;
119;10;0.543317;
120;10;0.530943;
121;10;0.519154;
122;10;0.507924;
123;10;0.497225;
124;10;0.487034;
125;10;0.477324;
126;10;0.468075;
127;10;0.459263;
128;10;0.450869;
129;10;0.442872;
130;10;0.435254;
131;10;0.427996;
132;10;0.421083;
133;10;0.414496;
134;10;0.408222;
135;10;0.402244;
136;10;0.39655;
137;10;0.391125;
138;10;0.385957;
139;10;0.381034;
140;10;0.376344;
141;10;0.371876;
142;10;0.36762;
143;10;0.363565;
144;10;0.359702;
145;10;0.356022;
146;10;0.352517;
147;10;0.349177;
148;10;0.345995;
149;10;0.342964;
150;10;0.340077;
151;10;0.337326;
152;10;0.334706;
153;10;0.33221;
154;10;0.329832;
155;10;0.327566;
156;10;0.325408;
157;10;0.323352;
158;10;0.321393;
159;10;0.319527;
160;10;0.31775;
161;10;0.316056;
162;10;0.314443;
163;10;0.312906;
164;10;0.311442;
165;10;0.310048;
166;10;0.308719;
167;10;0.307453;
168;10;0.306247;
169;10;0.305099;
170;10;0.304004;
171;10;0.302962;
172;10;0.301969;
173;10;0.301022;
174;10;0.300121;
175;10;0.299262;
176;10;0.298444;
177;10;0.297665;
178;10;0.296923;
179;10;0.296216;
180;10;0.295542;
181;10;0.2949;
182;10;0.294289;
183;10;0.293706;
184;10;0.293151;
185;10;0.292623;
186;10;0.292119;
187;10;0.291639;
188;10;0.291182;
189;10;0.290747;
190;10;0.290332;
191;10;0.289937;
192;10;0.289561;
193;10;0.289202;
194;10;0.28886;
195;10;0.288535;
196;10;0.288225;
197;10;0.28793;
198;10;0.287648;
199;10;0.28738;
200;10;0.287125;
201;10;0.286882;
202;10;0.28665;
203;10;0.286429;
204;10;0.286219;
205;10;0.286018;
206;10;0.285828;
207;10;0.285646;
208;10;0.285473;
209;10;0.285308;
210;10;0.28515;
211;10;0.285001;
212;10;0.284858;
213;10;0.284722;
214;10;0.284593;
215;10;0.284469;
216;10;0.284352;
217;10;0.28424;
218;10;0.284133;
219;10;0.284032;
220;10;0.283935;
221;10;0.283843;
222;10;0.283755;
223;10;0.283671;
224;10;0.283591;
225;10;0.283515;
226;10;0.283443;
227;10;0.283374;
228;10;0.283308;
229;10;0.283246;
230;10;0.283186;
231;10;0.28313;
232;10;0.283076;
233;10;0.283024;
234;10;0.282975;
235;10;0.282928;
236;10;0.282884;
237;10;0.282841;
238;10;0.282801;
239;10;0.282762;
240;10;0.282726;
241;10;0.282691;
242;10;0.282657;
243;10;0.282626;
244;10;0.282595;
245;10;0.282567;
246;10;0.282539;
247;10;0.282513;
248;10;0.282488;
249;10;0.282465;
250;10;0.282442;
251;10;0.28242;
252;10;0.2824;
253;10;0.28238;
254;10;0.282362;
255;10;0.282344;
256;10;0.282327;
257;10;0.282311;
258;10;0.282296;
259;10;0.282281;
260;10;0.282267;
261;10;0.282254;
262;10;0.282242;
263;10;0.282229;
264;10;0.282218;
265;10;0.282207;
266;10;0.282197;
267;10;0.282187;
268;10;0.282177;
269;10;0.282168;
270;10;0.28216;
271;10;0.282152;
272;10;0.282144;
273;10;0.282137;
274;10;0.28213;
275;10;0.282123;
276;10;0.282116;
277;10;0.28211;
278;10;0.282104;
279;10;0.282099;
280;10;0.282094;
281;10;0.282089;
282;10;0.282084;
283;10;0.282079;
284;10;0.282075;
285;10;0.282071;
286;10;0.282067;
287;10;0.282063;
288;10;0.28206;
289;10;0.282056;
290;10;0.282053;
291;10;0.28205;
292;10;0.282047;
293;10;0.282044;
294;10;0.282041;
295;10;0.282039;
296;10;0.282036;
297;10;0.282034;
298;10;0.282032;
299;10;0.28203;
300;10;0.282028;
301;10;0.282026;
302;10;0.282024;
303;10;0.282022;
304;10;0.282021;
305;10;0.282019;
306;10;0.282018;
307;10;0.282016;
308;10;0.282015;
309;10;0.282014;
310;10;0.282012;
311;10;0.282011;
312;10;0.28201;
313;10;0.282009;
314;10;0.282008;
315;10;0.282007;
316;10;0.282006;
317;10;0.282005;
318;10;0.282004;
319;10;0.282004;
320;10;0.282003;
321;10;0.282002;
322;10;0.282002;
323;10;0.282001;
324;10;0.282;
325;10;0.282;
326;10;0.281999;
327;10;0.281999;
328;10;0.281998;
329;10;0.281998;
330;10;0.281997;
331;10;0.281997;
332;10;0.281996;
333;10;0.281996;
334;10;0.281995;
335;10;0.281995;
336;10;0.281995;
337;10;0.281994;
338;10;0.281994;
339;10;0.281994;
340;10;0.281993;
341;10;0.281993;
342;10;0.281993;
343;10;0.281993;
344;10;0.281992;
345;10;0.281992;
346;10;0.281992;
347;10;0.281992;
348;10;0.281992;
349;10;0.281991;
350;10;0.281991;
351;10;0.281991;
352;10;0.281991;
353;10;0.281991;
354;10;0.281991;
355;10;0.28199;
356;10;0.28199;
357;10;0.28199;
358;10;0.28199;
359;10;0.28199;
360;10;0.28199;
361;10;0.28199;
362;10;0.28199;
363;10;0.28199;
364;10;0.281989;
365;10;0.281989;
366;10;0.281989;
367;10;0.281989;
368;10;0.281989;
369;10;0.281989;
370;10;0.281989;
371;10;0.281989;
372;10;0.281989;
373;10;0.281989;
374;10;0.281989;
375;10;0.281989;
376;10;0.281989;
377;10;0.281989;
378;10;0.281989;
379;10;0.281989;
380;10;0.281989;
381;10;0.281988;
382;10;0.281988;
383;10;0.281988;
384;10;0.281988;
385;10;0.281988;
386;10;0.281988;
387;10;0.281988;
388;10;0.281988;
389;10;0.281988;
390;10;0.281988;
391;10;0.281988;
392;10;0.281988;
393;10;0.281988;
394;10;0.281988;
395;10;0.281988;
396;10;0.281988;
397;10;0.281988;
398;10;0.281988;
399;10;0.281988;
400;10;0.281988;
401;10;0.281988;
402;10;0.281988;
403;10;0.281988;
404;10;0.281988;
405;10;0.281988;
406;10;0.281988;
407;10;0.281988;
408;10;0.281988;
409;10;0.281988;
410;10;0.281988;
411;10;0.281988;
412;10;0.281988;
413;10;0.281988;
414;10;0.281988;
415;10;0.281988;
416;10;0.281988;
417;10;0.281988;
418;10;0.281988;
419;10;0.281988;
420;10;0.281988;
421;10;0.281988;
422;10;0.281988;
423;10;0.281988;
424;10;0.281988;
425;10;0.281988;
426;10;0.281988;
427;10;0.281988;
428;10;0.281988;
429;10;0.281988;
430;10;0.281988;
431;10;0.281988;
432;10;0.281988;
433;10;0.281988;
434;10;0.281988;
435;10;0.281988;
436;10;0.281988;
437;10;0.281988;
438;10;0.281988;
439;10;0.281988;
440;10;0.281988;
441;10;0.281988;
442;10;0.281988;
443;10;0.281988;
444;10;0.281988;
445;10;0.281988;
446;10;0.281988;
447;10;0.281988;
448;10;0.281988;
449;10;0.281988;
450;10;0.281988;
451;10;0.281988;
452;10;0.281988;
453;10;0.281988;
454;10;0.281988;
455;10;0.281988;
456;10;0.281988;
457;10;0.281988;
458;10;0.281988;
459;10;0.281988;
460;10;0.281988;
461;10;0.281988;
462;10;0.281988;
463;10;0.281988;
464;10;0.281988;
465;10;0.281988;
466;10;0.281988;
467;10;0.281988;
468;10;0.281988;
469;10;0.281988;
470;10;0.281988;
471;10;0.281988;
472;10;0.281988;
473;10;0.281988;
474;10;0.281988;
475;10;0.281988;
476;10;0.281988;
477;10;0.281988;
478;10;0.281988;
479;10;0.281988;
480;10;0.281988;
481;10;0.281988;
482;10;0.281988;
483;10;0.281988;
484;10;0.281988;
485;10;0.281988;
486;10;0.281988;
487;10;0.281988;
488;10;0.281988;
489;10;0.281988;
490;10;0.281988;
491;10;0.281988;
492;10;0.281988;
493;10;0.281988;
494;10;0.281988;
495;10;0.281988;
496;10;0.281988;
497;10;0.281988;
498;10;0.281988;
499;10;0.281988;
0;10;0.420999;
0;11;0.414417;
1;11;0.408146;
2;11;0.402172;
3;11;0.396481;
4;11;0.39106;
5;11;0.385895;
6;11;0.380975;
7;11;0.376288;
8;11;0.371822;
9;11;0.367569;
10;11;0.363516;
11;11;0.359656;
12;11;0.355978;
13;11;0.352474;
14;11;0.349137;
15;11;0.345957;
16;11;0.342928;
17;11;0.340042;
18;11;0.337293;
19;11;0.334675;
20;11;0.33218;
21;11;0.329803;
22;11;0.327539;
23;11;0.325382;
24;11;0.323327;
25;11;0.32137;
26;11;0.319505;
27;11;0.317728;
28;11;0.316036;
29;11;0.314424;
30;11;0.312888;
31;11;0.311425;
32;11;0.310031;
33;11;0.308703;
34;11;0.307438;
35;11;0.306233;
36;11;0.305085;
37;11;0.303991;
38;11;0.302949;
39;11;0.301957;
40;11;0.301011;
41;11;0.30011;
42;11;0.299252;
43;11;0.298435;
44;11;0.297656;
45;11;0.296914;
46;11;0.296207;
47;11;0.295534;
48;11;0.294892;
49;11;0.294281;
50;11;0.293699;
51;11;0.293145;
52;11;0.292616;
53;11;0.292113;
54;11;0.291634;
55;11;0.291177;
56;11;0.290742;
57;11;0.290327;
58;11;0.289932;
59;11;0.289556;
60;11;0.289198;
61;11;0.288856;
62;11;0.288531;
63;11;0.288221;
64;11;0.287926;
65;11;0.287645;
66;11;0.287377;
67;11;0.287122;
68;11;0.286879;
69;11;0.286647;
70;11;0.286426;
71;11;0.286216;
72;11;0.286016;
73;11;0.285825;
74;11;0.285644;
75;11;0.28547;
76;11;0.285306;
77;11;0.285148;
78;11;0.284999;
79;11;0.284856;
80;11;0.28472;
81;11;0.284591;
82;11;0.284468;
83;11;0.28435;
84;11;0.284238;
85;11;0.284132;
86;11;0.28403;
87;11;0.283934;
88;11;0.283841;
89;11;0.283754;
90;11;0.28367;
91;11;0.28359;
92;11;0.283514;
93;11;0.283442;
94;11;0.283373;
95;11;0.283308;
96;11;0.283245;
97;11;0.283186;
98;11;0.283129;
99;11;0.283075;
100;11;0.943937;
101;11;0.912593;
102;11;0.882732;
103;11;0.854286;
104;11;0.827187;
105;11;0.801371;
106;11;0.776777;
107;11;0.753348;
108;11;0.731028;
109;11;0.709765;
110;11;0.689509;
111;11;0.670212;
112;11;0.651829;
113;11;0.634316;
114;11;0.617633;
115;11;0.60174;
116;11;0.586599;
117;11;0.572175;
118;11;0.558434;
119;11;0.545344;
120;11;0.532873;
121;11;0.520993;
122;11;0.509676;
123;11;0.498895;
124;11;0.488624;
125;11;0.478839;
126;11;0.469518;
127;11;0.460638;
128;11;0.452179;
129;11;0.44412;
130;11;0.436442;
131;11;0.429129;
132;11;0.422161;
133;11;0.415524;
134;11;0.409201;
135;11;0.403177;
136;11;0.397438;
137;11;0.391972;
138;11;0.386764;
139;11;0.381802;
140;11;0.377076;
141;11;0.372573;
142;11;0.368284;
143;11;0.364198;
144;11;0.360305;
145;11;0.356596;
146;11;0.353064;
147;11;0.349698;
148;11;0.346492;
149;11;0.343437;
150;11;0.340528;
151;11;0.337756;
152;11;0.335115;
153;11;0.332599;
154;11;0.330203;
155;11;0.32792;
156;11;0.325745;
157;11;0.323673;
158;11;0.321699;
159;11;0.319818;
160;11;0.318027;
161;11;0.316321;
162;11;0.314695;
163;11;0.313146;
164;11;0.311671;
165;11;0.310265;
166;11;0.308926;
167;11;0.307651;
168;11;0.306435;
169;11;0.305278;
170;11;0.304175;
171;11;0.303124;
172;11;0.302123;
173;11;0.30117;
174;11;0.300262;
175;11;0.299396;
176;11;0.298572;
177;11;0.297787;
178;11;0.297039;
179;11;0.296326;
180;11;0.295647;
181;11;0.295;
182;11;0.294384;
183;11;0.293797;
184;11;0.293238;
185;11;0.292705;
186;11;0.292198;
187;11;0.291714;
188;11;0.291254;
189;11;0.290815;
190;11;0.290397;
191;11;0.289999;
192;11;0.289619;
193;11;0.289258;
194;11;0.288914;
195;11;0.288586;
196;11;0.288273;
197;11;0.287976;
198;11;0.287692;
199;11;0.287422;
200;11;0.287165;
201;11;0.28692;
202;11;0.286686;
203;11;0.286464;
204;11;0.286252;
205;11;0.28605;
206;11;0.285857;
207;11;0.285674;
208;11;0.2855;
209;11;0.285333;
210;11;0.285175;
211;11;0.285024;
212;11;0.28488;
213;11;0.284743;
214;11;0.284613;
215;11;0.284488;
216;11;0.28437;
217;11;0.284257;
218;11;0.28415;
219;11;0.284047;
220;11;0.28395;
221;11;0.283857;
222;11;0.283768;
223;11;0.283684;
224;11;0.283604;
225;11;0.283527;
226;11;0.283454;
227;11;0.283385;
228;11;0.283319;
229;11;0.283256;
230;11;0.283196;
231;11;0.283138;
232;11;0.283084;
233;11;0.283032;
234;11;0.282983;
235;11;0.282935;
236;11;0.282891;
237;11;0.282848;
238;11;0.282807;
239;11;0.282768;
240;11;0.282731;
241;11;0.282696;
242;11;0.282663;
243;11;0.282631;
244;11;0.2826;
245;11;0.282571;
246;11;0.282544;
247;11;0.282517;
248;11;0.282492;
249;11;0.282468;
250;11;0.282446;
251;11;0.282424;
252;11;0.282403;
253;11;0.282384;
254;11;0.282365;
255;11;0.282347;
256;11;0.28233;
257;11;0.282314;
258;11;0.282298;
259;11;0.282284;
260;11;0.28227;
261;11;0.282256;
262;11;0.282243;
263;11;0.282231;
264;11;0.28222;
265;11;0.282209;
266;11;0.282198;
267;11;0.282188;
268;11;0.282179;
269;11;0.28217;
270;11;0.282161;
271;11;0.282153;
272;11;0.282145;
273;11;0.282138;
274;11;0.282131;
275;11;0.282124;
276;11;0.282117;
277;11;0.282111;
278;11;0.282105;
279;11;0.2821;
280;11;0.282095;
281;11;0.282089;
282;11;0.282085;
283;11;0.28208;
284;11;0.282076;
285;11;0.282072;
286;11;0.282068;
287;11;0.282064;
288;11;0.28206;
289;11;0.282057;
290;11;0.282053;
291;11;0.28205;
292;11;0.282047;
293;11;0.282045;
294;11;0.282042;
295;11;0.282039;
296;11;0.282037;
297;11;0.282035;
298;11;0.282032;
299;11;0.28203;
300;11;0.282028;
301;11;0.282026;
302;11;0.282024;
303;11;0.282023;
304;11;0.282021;
305;11;0.282019;
306;11;0.282018;
307;11;0.282017;
308;11;0.282015;
309;11;0.282014;
310;11;0.282013;
311;11;0.282011;
312;11;0.28201;
313;11;0.282009;
314;11;0.282008;
315;11;0.282007;
316;11;0.282006;
317;11;0.282005;
318;11;0.282005;
319;11;0.282004;
320;11;0.282003;
321;11;0.282002;
322;11;0.282002;
323;11;0.282001;
324;11;0.282;
325;11;0.282;
326;11;0.281999;
327;11;0.281999;
328;11;0.281998;
329;11;0.281998;
330;11;0.281997;
331;11;0.281997;
332;11;0.281996;
333;11;0.281996;
334;11;0.281995;
335;11;0.281995;
336;11;0.281995;
337;11;0.281994;
338;11;0.281994;
339;11;0.281994;
340;11;0.281993;
341;11;0.281993;
342;11;0.281993;
343;11;0.281993;
344;11;0.281992;
345;11;0.281992;
346;11;0.281992;
347;11;0.281992;
348;11;0.281992;
349;11;0.281991;
350;11;0.281991;
351;11;0.281991;
352;11;0.281991;
353;11;0.281991;
354;11;0.281991;
355;11;0.28199;
356;11;0.28199;
357;11;0.28199;
358;11;0.28199;
359;11;0.28199;
360;11;0.28199;
361;11;0.28199;
362;11;0.28199;
363;11;0.28199;
364;11;0.281989;
365;11;0.281989;
366;11;0.281989;
367;11;0.281989;
368;11;0.281989;
369;11;0.281989;
370;11;0.281989;
371;11;0.281989;
372;11;0.281989;
373;11;0.281989;
374;11;0.281989;
375;11;0.281989;
376;11;0.281989;
377;11;0.281989;
378;11;0.281989;
379;11;0.281989;
380;11;0.281989;
381;11;0.281988;
382;11;0.281988;
383;11;0.281988;
384;11;0.281988;
385;11;0.281988;
386;11;0.281988;
387;11;0.281988;
388;11;0.281988;
389;11;0.281988;
390;11;0.281988;
391;11;0.281988;
392;11;0.281988;
393;11;0.281988;
394;11;0.281988;
395;11;0.281988;
396;11;0.281988;
397;11;0.281988;
398;11;0.281988;
399;11;0.281988;
400;11;0.281988;
401;11;0.281988;
402;11;0.281988;
403;11;0.281988;
404;11;0.281988;
405;11;0.281988;
406;11;0.281988;
407;11;0.281988;
408;11;0.281988;
409;11;0.281988;
410;11;0.281988;
411;11;0.281988;
412;11;0.281988;
413;11;0.281988;
414;11;0.281988;
415;11;0.281988;
416;11;0.281988;
417;11;0.281988;
418;11;0.281988;
419;11;0.281988;
420;11;0.281988;
421;11;0.281988;
422;11;0.281988;
423;11;0.281988;
424;11;0.281988;
425;11;0.281988;
426;11;0.281988;
427;11;0.281988;
428;11;0.281988;
429;11;0.281988;
430;11;0.281988;
431;11;0.281988;
432;11;0.281988;
433;11;0.281988;
434;11;0.281988;
435;11;0.281988;
436;11;0.281988;
437;11;0.281988;
438;11;0.281988;
439;11;0.281988;
440;11;0.281988;
441;11;0.281988;
442;11;0.281988;
443;11;0.281988;
444;11;0.281988;
445;11;0.281988;
446;11;0.281988;
447;11;0.281988;
448;11;0.281988;
449;11;0.281988;
450;11;0.281988;
451;11;0.281988;
452;11;0.281988;
453;11;0.281988;
454;11;0.281988;
455;11;0.281988;
456;11;0.281988;
457;11;0.281988;
458;11;0.281988;
459;11;0.281988;
460;11;0.281988;
461;11;0.281988;
462;11;0.281988;
463;11;0.281988;
464;11;0.281988;
465;11;0.281988;
466;11;0.281988;
467;11;0.281988;
468;11;0.281988;
469;11;0.281988;
470;11;0.281988;
471;11;0.281988;
472;11;0.281988;
473;11;0.281988;
474;11;0.281988;
475;11;0.281988;
476;11;0.281988;
477;11;0.281988;
478;11;0.281988;
479;11;0.281988;
480;11;0.281988;
481;11;0.281988;
482;11;0.281988;
483;11;0.281988;
484;11;0.281988;
485;11;0.281988;
486;11;0.281988;
487;11;0.281988;
488;11;0.281988;
489;11;0.281988;
490;11;0.281988;
491;11;0.281988;
492;11;0.281988;
493;11;0.281988;
494;11;0.281988;
495;11;0.281988;
496;11;0.281988;
497;11;0.281988;
498;11;0.281988;
499;11;0.281988;
0;11;0.52586;
0;12;0.5105;
1;12;0.496039;
2;12;0.482425;
3;12;0.469609;
4;12;0.457542;
5;12;0.446183;
6;12;0.435488;
7;12;0.42542;
8;12;0.415941;
9;12;0.407017;
10;12;0.398616;
11;12;0.390707;
12;12;0.383261;
13;12;0.376251;
14;12;0.369651;
15;12;0.363438;
16;12;0.357589;
17;12;0.352082;
18;12;0.346898;
19;12;0.342017;
20;12;0.337422;
21;12;0.333096;
22;12;0.329024;
23;12;0.32519;
24;12;0.32158;
25;12;0.318182;
26;12;0.314982;
27;12;0.311971;
28;12;0.309135;
29;12;0.306465;
30;12;0.303952;
31;12;0.301586;
32;12;0.299359;
33;12;0.297262;
34;12;0.295287;
35;12;0.293429;
36;12;0.291679;
37;12;0.290032;
38;12;0.288481;
39;12;0.287021;
40;12;0.285646;
41;12;0.284352;
42;12;0.283134;
43;12;0.281987;
44;12;0.280907;
45;12;0.27989;
46;12;0.278933;
47;12;0.278032;
48;12;0.277184;
49;12;0.276385;
50;12;0.275634;
51;12;0.274926;
52;12;0.274259;
53;12;0.273632;
54;12;0.273042;
55;12;0.272486;
56;12;0.271962;
57;12;0.271469;
58;12;0.271005;
59;12;0.270569;
60;12;0.270157;
61;12;0.26977;
62;12;0.269406;
63;12;0.269063;
64;12;0.26874;
65;12;0.268436;
66;12;0.268149;
67;12;0.26788;
68;12;0.267626;
69;12;0.267387;
70;12;0.267162;
71;12;0.26695;
72;12;0.266751;
73;12;0.266563;
74;12;0.266387;
75;12;0.26622;
76;12;0.266064;
77;12;0.265916;
78;12;0.265778;
79;12;0.265647;
80;12;0.265524;
81;12;0.265408;
82;12;0.265299;
83;12;0.265196;
84;12;0.2651;
85;12;0.265009;
86;12;0.264923;
87;12;0.264843;
88;12;0.264767;
89;12;0.264695;
90;12;0.264628;
91;12;0.264565;
92;12;0.264505;
93;12;0.264449;
94;12;0.264396;
95;12;0.264346;
96;12;0.264299;
97;12;0.264255;
98;12;0.264214;
99;12;0.264175;
100;12;0.819675;
101;12;0.78711;
102;12;0.756452;
103;12;0.72759;
104;12;0.700417;
105;12;0.674835;
106;12;0.650752;
107;12;0.628079;
108;12;0.606733;
109;12;0.586637;
110;12;0.567718;
111;12;0.549907;
112;12;0.533139;
113;12;0.517352;
114;12;0.50249;
115;12;0.488499;
116;12;0.475326;
117;12;0.462925;
118;12;0.45125;
119;12;0.440259;
120;12;0.429911;
121;12;0.42017;
122;12;0.410998;
123;12;0.402364;
124;12;0.394236;
125;12;0.386583;
126;12;0.379378;
127;12;0.372596;
128;12;0.36621;
129;12;0.360198;
130;12;0.354539;
131;12;0.349211;
132;12;0.344194;
133;12;0.339472;
134;12;0.335026;
135;12;0.33084;
136;12;0.3269;
137;12;0.32319;
138;12;0.319698;
139;12;0.31641;
140;12;0.313314;
141;12;0.3104;
142;12;0.307656;
143;12;0.305073;
144;12;0.302642;
145;12;0.300352;
146;12;0.298197;
147;12;0.296168;
148;12;0.294258;
149;12;0.29246;
150;12;0.290767;
151;12;0.289173;
152;12;0.287672;
153;12;0.286259;
154;12;0.284929;
155;12;0.283677;
156;12;0.282498;
157;12;0.281389;
158;12;0.280344;
159;12;0.27936;
160;12;0.278434;
161;12;0.277562;
162;12;0.276742;
163;12;0.275969;
164;12;0.275242;
165;12;0.274557;
166;12;0.273912;
167;12;0.273305;
168;12;0.272734;
169;12;0.272196;
170;12;0.271689;
171;12;0.271212;
172;12;0.270763;
173;12;0.270341;
174;12;0.269943;
175;12;0.269568;
176;12;0.269216;
177;12;0.268884;
178;12;0.268571;
179;12;0.268277;
180;12;0.268;
181;12;0.267739;
182;12;0.267494;
183;12;0.267262;
184;12;0.267045;
185;12;0.26684;
186;12;0.266647;
187;12;0.266466;
188;12;0.266295;
189;12;0.266134;
190;12;0.265982;
191;12;0.26584;
192;12;0.265705;
193;12;0.265579;
194;12;0.26546;
195;12;0.265348;
196;12;0.265242;
197;12;0.265143;
198;12;0.265049;
199;12;0.264961;
200;12;0.264879;
201;12;0.264801;
202;12;0.264727;
203;12;0.264658;
204;12;0.264593;
205;12;0.264532;
206;12;0.264474;
207;12;0.26442;
208;12;0.264368;
209;12;0.26432;
210;12;0.264275;
211;12;0.264232;
212;12;0.264192;
213;12;0.264154;
214;12;0.264119;
215;12;0.264085;
216;12;0.264054;
217;12;0.264024;
218;12;0.263996;
219;12;0.26397;
220;12;0.263945;
221;12;0.263921;
222;12;0.263899;
223;12;0.263879;
224;12;0.263859;
225;12;0.263841;
226;12;0.263824;
227;12;0.263807;
228;12;0.263792;
229;12;0.263778;
230;12;0.263764;
231;12;0.263751;
232;12;0.263739;
233;12;0.263728;
234;12;0.263717;
235;12;0.263707;
236;12;0.263698;
237;12;0.263689;
238;12;0.263681;
239;12;0.263673;
240;12;0.263665;
241;12;0.263658;
242;12;0.263652;
243;12;0.263646;
244;12;0.26364;
245;12;0.263634;
246;12;0.263629;
247;12;0.263624;
248;12;0.26362;
249;12;0.263615;
250;12;0.263611;
251;12;0.263608;
252;12;0.263604;
253;12;0.263601;
254;12;0.263597;
255;12;0.263594;
256;12;0.263592;
257;12;0.263589;
258;12;0.263586;
259;12;0.263584;
260;12;0.263582;
261;12;0.26358;
262;12;0.263578;
263;12;0.263576;
264;12;0.263574;
265;12;0.263573;
266;12;0.263571;
267;12;0.26357;
268;12;0.263568;
269;12;0.263567;
270;12;0.263566;
271;12;0.263565;
272;12;0.263564;
273;12;0.263562;
274;12;0.263562;
275;12;0.263561;
276;12;0.26356;
277;12;0.263559;
278;12;0.263558;
279;12;0.263558;
280;12;0.263557;
281;12;0.263556;
282;12;0.263556;
283;12;0.263555;
284;12;0.263555;
285;12;0.263554;
286;12;0.263554;
287;12;0.263553;
288;12;0.263553;
289;12;0.263552;
290;12;0.263552;
291;12;0.263552;
292;12;0.263551;
293;12;0.263551;
294;12;0.263551;
295;12;0.263551;
296;12;0.26355;
297;12;0.26355;
298;12;0.26355;
299;12;0.26355;
300;12;0.263549;
301;12;0.263549;
302;12;0.263549;
303;12;0.263549;
304;12;0.263549;
305;12;0.263549;
306;12;0.263548;
307;12;0.263548;
308;12;0.263548;
309;12;0.263548;
310;12;0.263548;
311;12;0.263548;
312;12;0.263548;
313;12;0.263548;
314;12;0.263548;
315;12;0.263548;
316;12;0.263547;
317;12;0.263547;
318;12;0.263547;
319;12;0.263547;
320;12;0.263547;
321;12;0.263547;
322;12;0.263547;
323;12;0.263547;
324;12;0.263547;
325;12;0.263547;
326;12;0.263547;
327;12;0.263547;
328;12;0.263547;
329;12;0.263547;
330;12;0.263547;
331;12;0.263547;
332;12;0.263547;
333;12;0.263547;
334;12;0.263547;
335;12;0.263547;
336;12;0.263547;
337;12;0.263547;
338;12;0.263547;
339;12;0.263547;
340;12;0.263547;
341;12;0.263546;
342;12;0.263546;
343;12;0.263546;
344;12;0.263546;
345;12;0.263546;
346;12;0.263546;
347;12;0.263546;
348;12;0.263546;
349;12;0.263546;
350;12;0.263546;
351;12;0.263546;
352;12;0.263546;
353;12;0.263546;
354;12;0.263546;
355;12;0.263546;
356;12;0.263546;
357;12;0.263546;
358;12;0.263546;
359;12;0.263546;
360;12;0.263546;
361;12;0.263546;
362;12;0.263546;
363;12;0.263546;
364;12;0.263546;
365;12;0.263546;
366;12;0.263546;
367;12;0.263546;
368;12;0.263546;
369;12;0.263546;
370;12;0.263546;
371;12;0.263546;
372;12;0.263546;
373;12;0.263546;
374;12;0.263546;
375;12;0.263546;
376;12;0.263546;
377;12;0.263546;
378;12;0.263546;
379;12;0.263546;
380;12;0.263546;
381;12;0.263546;
382;12;0.263546;
383;12;0.263546;
384;12;0.263546;
385;12;0.263546;
386;12;0.263546;
387;12;0.263546;
388;12;0.263546;
389;12;0.263546;
390;12;0.263546;
391;12;0.263546;
392;12;0.263546;
393;12;0.263546;
394;12;0.263546;
395;12;0.263546;
396;12;0.263546;
397;12;0.263546;
398;12;0.263546;
399;12;0.263546;
400;12;0.263546;
401;12;0.263546;
402;12;0.263546;
403;12;0.263546;
404;12;0.263546;
405;12;0.263546;
406;12;0.263546;
407;12;0.263546;
408;12;0.263546;
409;12;0.263546;
410;12;0.263546;
411;12;0.263546;
412;12;0.263546;
413;12;0.263546;
414;12;0.263546;
415;12;0.263546;
416;12;0.263546;
417;12;0.263546;
418;12;0.263546;
419;12;0.263546;
420;12;0.263546;
421;12;0.263546;
422;12;0.263546;
423;12;0.263546;
424;12;0.263546;
425;12;0.263546;
426;12;0.263546;
427;12;0.263546;
428;12;0.263546;
429;12;0.263546;
430;12;0.263546;
431;12;0.263546;
432;12;0.263546;
433;12;0.263546;
434;12;0.263546;
435;12;0.263546;
436;12;0.263546;
437;12;0.263546;
438;12;0.263546;
439;12;0.263546;
440;12;0.263546;
441;12;0.263546;
442;12;0.263546;
443;12;0.263546;
444;12;0.263546;
445;12;0.263546;
446;12;0.263546;
447;12;0.263546;
448;12;0.263546;
449;12;0.263546;
450;12;0.263546;
451;12;0.263546;
452;12;0.263546;
453;12;0.263546;
454;12;0.263546;
455;12;0.263546;
456;12;0.263546;
457;12;0.263546;
458;12;0.263546;
459;12;0.263546;
460;12;0.263546;
461;12;0.263546;
462;12;0.263546;
463;12;0.263546;
464;12;0.263546;
465;12;0.263546;
466;12;0.263546;
467;12;0.263546;
468;12;0.263546;
469;12;0.263546;
470;12;0.263546;
471;12;0.263546;
472;12;0.263546;
473;12;0.263546;
474;12;0.263546;
475;12;0.263546;
476;12;0.263546;
477;12;0.263546;
478;12;0.263546;
479;12;0.263546;
480;12;0.263546;
481;12;0.263546;
482;12;0.263546;
483;12;0.263546;
484;12;0.263546;
485;12;0.263546;
486;12;0.263546;
487;12;0.263546;
488;12;0.263546;
489;12;0.263546;
490;12;0.263546;
491;12;0.263546;
492;12;0.263546;
493;12;0.263546;
494;12;0.263546;
495;12;0.263546;
496;12;0.263546;
497;12;0.263546;
498;12;0.263546;
499;12;0.263546;
0;12;0.52586;
0;13;0.506562;
1;13;0.488538;
2;13;0.471705;
3;13;0.455984;
4;13;0.4413;
5;13;0.427587;
6;13;0.414779;
7;13;0.402817;
8;13;0.391646;
9;13;0.381212;
10;13;0.371467;
11;13;0.362366;
12;13;0.353865;
13;13;0.345927;
14;13;0.338512;
15;13;0.331587;
16;13;0.32512;
17;13;0.31908;
18;13;0.313438;
19;13;0.30817;
20;13;0.303249;
21;13;0.298653;
22;13;0.294361;
23;13;0.290352;
24;13;0.286608;
25;13;0.283111;
26;13;0.279845;
27;13;0.276795;
28;13;0.273947;
29;13;0.271286;
30;13;0.268801;
31;13;0.266481;
32;13;0.264313;
33;13;0.262289;
34;13;0.260398;
35;13;0.258633;
36;13;0.256983;
37;13;0.255443;
38;13;0.254005;
39;13;0.252661;
40;13;0.251407;
41;13;0.250235;
42;13;0.24914;
43;13;0.248118;
44;13;0.247163;
45;13;0.246272;
46;13;0.245439;
47;13;0.244661;
48;13;0.243935;
49;13;0.243256;
50;13;0.242623;
51;13;0.242031;
52;13;0.241478;
53;13;0.240962;
54;13;0.24048;
55;13;0.24003;
56;13;0.239609;
57;13;0.239217;
58;13;0.23885;
59;13;0.238507;
60;13;0.238187;
61;13;0.237889;
62;13;0.23761;
63;13;0.237349;
64;13;0.237105;
65;13;0.236878;
66;13;0.236666;
67;13;0.236467;
68;13;0.236282;
69;13;0.236109;
70;13;0.235948;
71;13;0.235797;
72;13;0.235656;
73;13;0.235524;
74;13;0.235401;
75;13;0.235287;
76;13;0.235179;
77;13;0.235079;
78;13;0.234986;
79;13;0.234898;
80;13;0.234817;
81;13;0.234741;
82;13;0.234669;
83;13;0.234603;
84;13;0.234541;
85;13;0.234483;
86;13;0.234429;
87;13;0.234378;
88;13;0.234331;
89;13;0.234287;
90;13;0.234246;
91;13;0.234207;
92;13;0.234171;
93;13;0.234138;
94;13;0.234106;
95;13;0.234077;
96;13;0.23405;
97;13;0.234024;
98;13;0.234;
99;13;0.233978;
100;13;0.963793;
101;13;0.915572;
102;13;0.870535;
103;13;0.828473;
104;13;0.789188;
105;13;0.752499;
106;13;0.718232;
107;13;0.686229;
108;13;0.656339;
109;13;0.628423;
110;13;0.602351;
111;13;0.578001;
112;13;0.55526;
113;13;0.53402;
114;13;0.514183;
115;13;0.495656;
116;13;0.478352;
117;13;0.462192;
118;13;0.447099;
119;13;0.433002;
120;13;0.419837;
121;13;0.407541;
122;13;0.396057;
123;13;0.385332;
124;13;0.375315;
125;13;0.36596;
126;13;0.357222;
127;13;0.349062;
128;13;0.34144;
129;13;0.334322;
130;13;0.327674;
131;13;0.321465;
132;13;0.315666;
133;13;0.31025;
134;13;0.305192;
135;13;0.300468;
136;13;0.296056;
137;13;0.291935;
138;13;0.288086;
139;13;0.284492;
140;13;0.281135;
141;13;0.278;
142;13;0.275071;
143;13;0.272337;
144;13;0.269782;
145;13;0.267397;
146;13;0.265169;
147;13;0.263088;
148;13;0.261145;
149;13;0.25933;
150;13;0.257635;
151;13;0.256051;
152;13;0.254573;
153;13;0.253192;
154;13;0.251902;
155;13;0.250697;
156;13;0.249572;
157;13;0.248522;
158;13;0.24754;
159;13;0.246624;
160;13;0.245768;
161;13;0.244968;
162;13;0.244222;
163;13;0.243524;
164;13;0.242873;
165;13;0.242265;
166;13;0.241697;
167;13;0.241166;
168;13;0.240671;
169;13;0.240208;
170;13;0.239776;
171;13;0.239372;
172;13;0.238995;
173;13;0.238643;
174;13;0.238314;
175;13;0.238007;
176;13;0.23772;
177;13;0.237452;
178;13;0.237202;
179;13;0.236968;
180;13;0.23675;
181;13;0.236546;
182;13;0.236355;
183;13;0.236178;
184;13;0.236011;
185;13;0.235856;
186;13;0.235712;
187;13;0.235576;
188;13;0.23545;
189;13;0.235332;
190;13;0.235222;
191;13;0.235119;
192;13;0.235023;
193;13;0.234933;
194;13;0.234849;
195;13;0.234771;
196;13;0.234697;
197;13;0.234629;
198;13;0.234565;
199;13;0.234506;
200;13;0.23445;
201;13;0.234398;
202;13;0.23435;
203;13;0.234304;
204;13;0.234262;
205;13;0.234222;
206;13;0.234185;
207;13;0.234151;
208;13;0.234119;
209;13;0.234089;
210;13;0.23406;
211;13;0.234034;
212;13;0.23401;
213;13;0.233987;
214;13;0.233965;
215;13;0.233945;
216;13;0.233927;
217;13;0.233909;
218;13;0.233893;
219;13;0.233878;
220;13;0.233864;
221;13;0.23385;
222;13;0.233838;
223;13;0.233827;
224;13;0.233816;
225;13;0.233806;
226;13;0.233796;
227;13;0.233787;
228;13;0.233779;
229;13;0.233772;
230;13;0.233764;
231;13;0.233758;
232;13;0.233751;
233;13;0.233746;
234;13;0.23374;
235;13;0.233735;
236;13;0.23373;
237;13;0.233726;
238;13;0.233722;
239;13;0.233718;
240;13;0.233714;
241;13;0.233711;
242;13;0.233708;
243;13;0.233705;
244;13;0.233702;
245;13;0.233699;
246;13;0.233697;
247;13;0.233695;
248;13;0.233693;
249;13;0.233691;
250;13;0.233689;
251;13;0.233687;
252;13;0.233686;
253;13;0.233684;
254;13;0.233683;
255;13;0.233681;
256;13;0.23368;
257;13;0.233679;
258;13;0.233678;
259;13;0.233677;
260;13;0.233676;
261;13;0.233675;
262;13;0.233674;
263;13;0.233674;
264;13;0.233673;
265;13;0.233672;
266;13;0.233672;
267;13;0.233671;
268;13;0.233671;
269;13;0.23367;
270;13;0.23367;
271;13;0.233669;
272;13;0.233669;
273;13;0.233668;
274;13;0.233668;
275;13;0.233668;
276;13;0.233667;
277;13;0.233667;
278;13;0.233667;
279;13;0.233667;
280;13;0.233666;
281;13;0.233666;
282;13;0.233666;
283;13;0.233666;
284;13;0.233666;
285;13;0.233665;
286;13;0.233665;
287;13;0.233665;
288;13;0.233665;
289;13;0.233665;
290;13;0.233665;
291;13;0.233665;
292;13;0.233665;
293;13;0.233664;
294;13;0.233664;
295;13;0.233664;
296;13;0.233664;
297;13;0.233664;
298;13;0.233664;
299;13;0.233664;
300;13;0.233664;
301;13;0.233664;
302;13;0.233664;
303;13;0.233664;
304;13;0.233664;
305;13;0.233664;
306;13;0.233664;
307;13;0.233664;
308;13;0.233664;
309;13;0.233664;
310;13;0.233663;
311;13;0.233663;
312;13;0.233663;
313;13;0.233663;
314;13;0.233663;
315;13;0.233663;
316;13;0.233663;
317;13;0.233663;
318;13;0.233663;
319;13;0.233663;
320;13;0.233663;
321;13;0.233663;
322;13;0.233663;
323;13;0.233663;
324;13;0.233663;
325;13;0.233663;
326;13;0.233663;
327;13;0.233663;
328;13;0.233663;
329;13;0.233663;
330;13;0.233663;
331;13;0.233663;
332;13;0.233663;
333;13;0.233663;
334;13;0.233663;
335;13;0.233663;
336;13;0.233663;
337;13;0.233663;
338;13;0.233663;
339;13;0.233663;
340;13;0.233663;
341;13;0.233663;
342;13;0.233663;
343;13;0.233663;
344;13;0.233663;
345;13;0.233663;
346;13;0.233663;
347;13;0.233663;
348;13;0.233663;
349;13;0.233663;
350;13;0.233663;
351;13;0.233663;
352;13;0.233663;
353;13;0.233663;
354;13;0.233663;
355;13;0.233663;
356;13;0.233663;
357;13;0.233663;
358;13;0.233663;
359;13;0.233663;
360;13;0.233663;
361;13;0.233663;
362;13;0.233663;
363;13;0.233663;
364;13;0.233663;
365;13;0.233663;
366;13;0.233663;
367;13;0.233663;
368;13;0.233663;
369;13;0.233663;
370;13;0.233663;
371;13;0.233663;
372;13;0.233663;
373;13;0.233663;
374;13;0.233663;
375;13;0.233663;
376;13;0.233663;
377;13;0.233663;
378;13;0.233663;
379;13;0.233663;
380;13;0.233663;
381;13;0.233663;
382;13;0.233663;
383;13;0.233663;
384;13;0.233663;
385;13;0.233663;
386;13;0.233663;
387;13;0.233663;
388;13;0.233663;
389;13;0.233663;
390;13;0.233663;
391;13;0.233663;
392;13;0.233663;
393;13;0.233663;
394;13;0.233663;
395;13;0.233663;
396;13;0.233663;
397;13;0.233663;
398;13;0.233663;
399;13;0.233663;
400;13;0.233663;
401;13;0.233663;
402;13;0.233663;
403;13;0.233663;
404;13;0.233663;
405;13;0.233663;
406;13;0.233663;
407;13;0.233663;
408;13;0.233663;
409;13;0.233663;
410;13;0.233663;
411;13;0.233663;
412;13;0.233663;
413;13;0.233663;
414;13;0.233663;
415;13;0.233663;
416;13;0.233663;
417;13;0.233663;
418;13;0.233663;
419;13;0.233663;
420;13;0.233663;
421;13;0.233663;
422;13;0.233663;
423;13;0.233663;
424;13;0.233663;
425;13;0.233663;
426;13;0.233663;
427;13;0.233663;
428;13;0.233663;
429;13;0.233663;
430;13;0.233663;
431;13;0.233663;
432;13;0.233663;
433;13;0.233663;
434;13;0.233663;
435;13;0.233663;
436;13;0.233663;
437;13;0.233663;
438;13;0.233663;
439;13;0.233663;
440;13;0.233663;
441;13;0.233663;
442;13;0.233663;
443;13;0.233663;
444;13;0.233663;
445;13;0.233663;
446;13;0.233663;
447;13;0.233663;
448;13;0.233663;
449;13;0.233663;
450;13;0.233663;
451;13;0.233663;
452;13;0.233663;
453;13;0.233663;
454;13;0.233663;
455;13;0.233663;
456;13;0.233663;
457;13;0.233663;
458;13;0.233663;
459;13;0.233663;
460;13;0.233663;
461;13;0.233663;
462;13;0.233663;
463;13;0.233663;
464;13;0.233663;
465;13;0.233663;
466;13;0.233663;
467;13;0.233663;
468;13;0.233663;
469;13;0.233663;
470;13;0.233663;
471;13;0.233663;
472;13;0.233663;
473;13;0.233663;
474;13;0.233663;
475;13;0.233663;
476;13;0.233663;
477;13;0.233663;
478;13;0.233663;
479;13;0.233663;
480;13;0.233663;
481;13;0.233663;
482;13;0.233663;
483;13;0.233663;
484;13;0.233663;
485;13;0.233663;
486;13;0.233663;
487;13;0.233663;
488;13;0.233663;
489;13;0.233663;
490;13;0.233663;
491;13;0.233663;
492;13;0.233663;
493;13;0.233663;
494;13;0.233663;
495;13;0.233663;
496;13;0.233663;
497;13;0.233663;
498;13;0.233663;
499;13;0.233663;
0;13;0.5;
0;14;0.496513;
1;14;0.493159;
2;14;0.489931;
3;14;0.486825;
4;14;0.483837;
5;14;0.480962;
6;14;0.478196;
7;14;0.475535;
8;14;0.472974;
9;14;0.47051;
10;14;0.468139;
11;14;0.465858;
12;14;0.463663;
13;14;0.461552;
14;14;0.45952;
15;14;0.457565;
16;14;0.455684;
17;14;0.453874;
18;14;0.452133;
19;14;0.450458;
20;14;0.448846;
21;14;0.447295;
22;14;0.445802;
23;14;0.444367;
24;14;0.442985;
25;14;0.441656;
26;14;0.440377;
27;14;0.439146;
28;14;0.437962;
29;14;0.436823;
30;14;0.435727;
31;14;0.434672;
32;14;0.433658;
33;14;0.432681;
34;14;0.431742;
35;14;0.430838;
36;14;0.429968;
37;14;0.429132;
38;14;0.428327;
39;14;0.427552;
40;14;0.426807;
41;14;0.42609;
42;14;0.4254;
43;14;0.424736;
44;14;0.424097;
45;14;0.423482;
46;14;0.422891;
47;14;0.422322;
48;14;0.421775;
49;14;0.421248;
50;14;0.420741;
51;14;0.420254;
52;14;0.419785;
53;14;0.419333;
54;14;0.418899;
55;14;0.418481;
56;14;0.418079;
57;14;0.417692;
58;14;0.41732;
59;14;0.416962;
60;14;0.416617;
61;14;0.416286;
62;14;0.415967;
63;14;0.41566;
64;14;0.415364;
65;14;0.41508;
66;14;0.414807;
67;14;0.414544;
68;14;0.414291;
69;14;0.414047;
70;14;0.413813;
71;14;0.413587;
72;14;0.41337;
73;14;0.413162;
74;14;0.412961;
75;14;0.412768;
76;14;0.412582;
77;14;0.412403;
78;14;0.412231;
79;14;0.412065;
80;14;0.411906;
81;14;0.411753;
82;14;0.411605;
83;14;0.411463;
84;14;0.411327;
85;14;0.411195;
86;14;0.411069;
87;14;0.410947;
88;14;0.41083;
89;14;0.410718;
90;14;0.410609;
91;14;0.410505;
92;14;0.410405;
93;14;0.410308;
94;14;0.410216;
95;14;0.410126;
96;14;0.41004;
97;14;0.409958;
98;14;0.409878;
99;14;0.409801;
100;14;1;
101;14;0.977595;
102;14;0.956037;
103;14;0.935295;
104;14;0.915338;
105;14;0.896136;
106;14;0.87766;
107;14;0.859884;
108;14;0.84278;
109;14;0.826324;
110;14;0.81049;
111;14;0.795255;
112;14;0.780597;
113;14;0.766493;
114;14;0.752923;
115;14;0.739866;
116;14;0.727304;
117;14;0.715216;
118;14;0.703587;
119;14;0.692397;
120;14;0.68163;
121;14;0.671271;
122;14;0.661304;
123;14;0.651714;
124;14;0.642487;
125;14;0.633609;
126;14;0.625067;
127;14;0.616848;
128;14;0.608941;
129;14;0.601332;
130;14;0.594011;
131;14;0.586967;
132;14;0.58019;
133;14;0.573669;
134;14;0.567395;
135;14;0.561359;
136;14;0.555551;
137;14;0.549962;
138;14;0.544585;
139;14;0.539411;
140;14;0.534434;
141;14;0.529644;
142;14;0.525036;
143;14;0.520602;
144;14;0.516336;
145;14;0.512231;
146;14;0.508282;
147;14;0.504482;
148;14;0.500826;
149;14;0.497308;
150;14;0.493923;
151;14;0.490667;
152;14;0.487533;
153;14;0.484518;
154;14;0.481618;
155;14;0.478827;
156;14;0.476141;
157;14;0.473557;
158;14;0.471071;
159;14;0.468679;
160;14;0.466378;
161;14;0.464164;
162;14;0.462033;
163;14;0.459983;
164;14;0.458011;
165;14;0.456113;
166;14;0.454287;
167;14;0.45253;
168;14;0.45084;
169;14;0.449213;
170;14;0.447648;
171;14;0.446142;
172;14;0.444694;
173;14;0.4433;
174;14;0.441959;
175;14;0.440668;
176;14;0.439427;
177;14;0.438232;
178;14;0.437083;
179;14;0.435977;
180;14;0.434913;
181;14;0.433889;
182;14;0.432904;
183;14;0.431956;
184;14;0.431044;
185;14;0.430167;
186;14;0.429322;
187;14;0.42851;
188;14;0.427729;
189;14;0.426977;
190;14;0.426253;
191;14;0.425557;
192;14;0.424887;
193;14;0.424243;
194;14;0.423623;
195;14;0.423026;
196;14;0.422452;
197;14;0.4219;
198;14;0.421368;
199;14;0.420857;
200;14;0.420365;
201;14;0.419891;
202;14;0.419436;
203;14;0.418998;
204;14;0.418576;
205;14;0.418171;
206;14;0.41778;
207;14;0.417405;
208;14;0.417043;
209;14;0.416696;
210;14;0.416361;
211;14;0.416039;
212;14;0.41573;
213;14;0.415432;
214;14;0.415145;
215;14;0.414869;
216;14;0.414604;
217;14;0.414348;
218;14;0.414103;
219;14;0.413866;
220;14;0.413639;
221;14;0.41342;
222;14;0.413209;
223;14;0.413007;
224;14;0.412812;
225;14;0.412624;
226;14;0.412444;
227;14;0.41227;
228;14;0.412103;
229;14;0.411942;
230;14;0.411788;
231;14;0.411639;
232;14;0.411496;
233;14;0.411358;
234;14;0.411225;
235;14;0.411098;
236;14;0.410975;
237;14;0.410857;
238;14;0.410743;
239;14;0.410634;
240;14;0.410529;
241;14;0.410428;
242;14;0.41033;
243;14;0.410237;
244;14;0.410147;
245;14;0.41006;
246;14;0.409976;
247;14;0.409896;
248;14;0.409819;
249;14;0.409745;
250;14;0.409673;
251;14;0.409604;
252;14;0.409538;
253;14;0.409474;
254;14;0.409413;
255;14;0.409354;
256;14;0.409297;
257;14;0.409243;
258;14;0.40919;
259;14;0.40914;
260;14;0.409091;
261;14;0.409044;
262;14;0.408999;
263;14;0.408956;
264;14;0.408914;
265;14;0.408874;
266;14;0.408836;
267;14;0.408799;
268;14;0.408763;
269;14;0.408729;
270;14;0.408695;
271;14;0.408664;
272;14;0.408633;
273;14;0.408604;
274;14;0.408575;
275;14;0.408548;
276;14;0.408522;
277;14;0.408497;
278;14;0.408472;
279;14;0.408449;
280;14;0.408426;
281;14;0.408405;
282;14;0.408384;
283;14;0.408364;
284;14;0.408345;
285;14;0.408326;
286;14;0.408308;
287;14;0.408291;
288;14;0.408275;
289;14;0.408259;
290;14;0.408243;
291;14;0.408229;
292;14;0.408215;
293;14;0.408201;
294;14;0.408188;
295;14;0.408175;
296;14;0.408163;
297;14;0.408151;
298;14;0.40814;
299;14;0.408129;
300;14;0.408119;
301;14;0.408109;
302;14;0.408099;
303;14;0.40809;
304;14;0.408081;
305;14;0.408073;
306;14;0.408064;
307;14;0.408057;
308;14;0.408049;
309;14;0.408042;
310;14;0.408034;
311;14;0.408028;
312;14;0.408021;
313;14;0.408015;
314;14;0.408009;
315;14;0.408003;
316;14;0.407997;
317;14;0.407992;
318;14;0.407987;
319;14;0.407982;
320;14;0.407977;
321;14;0.407972;
322;14;0.407968;
323;14;0.407964;
324;14;0.407959;
325;14;0.407956;
326;14;0.407952;
327;14;0.407948;
328;14;0.407944;
329;14;0.407941;
330;14;0.407938;
331;14;0.407935;
332;14;0.407932;
333;14;0.407929;
334;14;0.407926;
335;14;0.407923;
336;14;0.407921;
337;14;0.407918;
338;14;0.407916;
339;14;0.407913;
340;14;0.407911;
341;14;0.407909;
342;14;0.407907;
343;14;0.407905;
344;14;0.407903;
345;14;0.407901;
346;14;0.4079;
347;14;0.407898;
348;14;0.407896;
349;14;0.407895;
350;14;0.407893;
351;14;0.407892;
352;14;0.40789;
353;14;0.407889;
354;14;0.407888;
355;14;0.407886;
356;14;0.407885;
357;14;0.407884;
358;14;0.407883;
359;14;0.407882;
360;14;0.407881;
361;14;0.40788;
362;14;0.407879;
363;14;0.407878;
364;14;0.407877;
365;14;0.407876;
366;14;0.407875;
367;14;0.407875;
368;14;0.407874;
369;14;0.407873;
370;14;0.407873;
371;14;0.407872;
372;14;0.407871;
373;14;0.407871;
374;14;0.40787;
375;14;0.407869;
376;14;0.407869;
377;14;0.407868;
378;14;0.407868;
379;14;0.407867;
380;14;0.407867;
381;14;0.407866;
382;14;0.407866;
383;14;0.407866;
384;14;0.407865;
385;14;0.407865;
386;14;0.407864;
387;14;0.407864;
388;14;0.407864;
389;14;0.407863;
390;14;0.407863;
391;14;0.407863;
392;14;0.407862;
393;14;0.407862;
394;14;0.407862;
395;14;0.407862;
396;14;0.407861;
397;14;0.407861;
398;14;0.407861;
399;14;0.407861;
400;14;0.40786;
401;14;0.40786;
402;14;0.40786;
403;14;0.40786;
404;14;0.40786;
405;14;0.407859;
406;14;0.407859;
407;14;0.407859;
408;14;0.407859;
409;14;0.407859;
410;14;0.407859;
411;14;0.407858;
412;14;0.407858;
413;14;0.407858;
414;14;0.407858;
415;14;0.407858;
416;14;0.407858;
417;14;0.407858;
418;14;0.407858;
419;14;0.407857;
420;14;0.407857;
421;14;0.407857;
422;14;0.407857;
423;14;0.407857;
424;14;0.407857;
425;14;0.407857;
426;14;0.407857;
427;14;0.407857;
428;14;0.407857;
429;14;0.407857;
430;14;0.407856;
431;14;0.407856;
432;14;0.407856;
433;14;0.407856;
434;14;0.407856;
435;14;0.407856;
436;14;0.407856;
437;14;0.407856;
438;14;0.407856;
439;14;0.407856;
440;14;0.407856;
441;14;0.407856;
442;14;0.407856;
443;14;0.407856;
444;14;0.407856;
445;14;0.407856;
446;14;0.407856;
447;14;0.407856;
448;14;0.407856;
449;14;0.407856;
450;14;0.407856;
451;14;0.407856;
452;14;0.407855;
453;14;0.407855;
454;14;0.407855;
455;14;0.407855;
456;14;0.407855;
457;14;0.407855;
458;14;0.407855;
459;14;0.407855;
460;14;0.407855;
461;14;0.407855;
462;14;0.407855;
463;14;0.407855;
464;14;0.407855;
465;14;0.407855;
466;14;0.407855;
467;14;0.407855;
468;14;0.407855;
469;14;0.407855;
470;14;0.407855;
471;14;0.407855;
472;14;0.407855;
473;14;0.407855;
474;14;0.407855;
475;14;0.407855;
476;14;0.407855;
477;14;0.407855;
478;14;0.407855;
479;14;0.407855;
480;14;0.407855;
481;14;0.407855;
482;14;0.407855;
483;14;0.407855;
484;14;0.407855;
485;14;0.407855;
486;14;0.407855;
487;14;0.407855;
488;14;0.407855;
489;14;0.407855;
490;14;0.407855;
491;14;0.407855;
492;14;0.407855;
493;14;0.407855;
494;14;0.407855;
495;14;0.407855;
496;14;0.407855;
497;14;0.407855;
498;14;0.407855;
499;14;0.407855;
0;14;0.431976;
0;15;0.430512;
1;15;0.429082;
2;15;0.427686;
3;15;0.426323;
4;15;0.424992;
5;15;0.423693;
6;15;0.422424;
7;15;0.421186;
8;15;0.419977;
9;15;0.418796;
10;15;0.417644;
11;15;0.416518;
12;15;0.41542;
13;15;0.414347;
14;15;0.4133;
15;15;0.412277;
16;15;0.411279;
17;15;0.410305;
18;15;0.409353;
19;15;0.408424;
20;15;0.407517;
21;15;0.406632;
22;15;0.405767;
23;15;0.404923;
24;15;0.404099;
25;15;0.403294;
26;15;0.402509;
27;15;0.401742;
28;15;0.400993;
29;15;0.400262;
30;15;0.399548;
31;15;0.398851;
32;15;0.398171;
33;15;0.397507;
34;15;0.396858;
35;15;0.396225;
36;15;0.395607;
37;15;0.395003;
38;15;0.394414;
39;15;0.393839;
40;15;0.393277;
41;15;0.392729;
42;15;0.392193;
43;15;0.391671;
44;15;0.39116;
45;15;0.390662;
46;15;0.390176;
47;15;0.389701;
48;15;0.389237;
49;15;0.388784;
50;15;0.388342;
51;15;0.387911;
52;15;0.387489;
53;15;0.387078;
54;15;0.386676;
55;15;0.386284;
56;15;0.385902;
57;15;0.385528;
58;15;0.385163;
59;15;0.384807;
60;15;0.384459;
61;15;0.384119;
62;15;0.383788;
63;15;0.383464;
64;15;0.383148;
65;15;0.382839;
66;15;0.382538;
67;15;0.382244;
68;15;0.381957;
69;15;0.381676;
70;15;0.381403;
71;15;0.381135;
72;15;0.380875;
73;15;0.38062;
74;15;0.380371;
75;15;0.380128;
76;15;0.379891;
77;15;0.37966;
78;15;0.379434;
79;15;0.379213;
80;15;0.378998;
81;15;0.378788;
82;15;0.378582;
83;15;0.378382;
84;15;0.378186;
85;15;0.377995;
86;15;0.377808;
87;15;0.377626;
88;15;0.377448;
89;15;0.377275;
90;15;0.377105;
91;15;0.37694;
92;15;0.376778;
93;15;0.376621;
94;15;0.376466;
95;15;0.376316;
96;15;0.376169;
97;15;0.376026;
98;15;0.375886;
99;15;0.375749;
100;15;1;
101;15;0.985087;
102;15;0.970527;
103;15;0.956312;
104;15;0.942433;
105;15;0.928883;
106;15;0.915653;
107;15;0.902737;
108;15;0.890127;
109;15;0.877815;
110;15;0.865795;
111;15;0.854059;
112;15;0.842602;
113;15;0.831415;
114;15;0.820493;
115;15;0.80983;
116;15;0.79942;
117;15;0.789255;
118;15;0.779332;
119;15;0.769643;
120;15;0.760184;
121;15;0.750949;
122;15;0.741932;
123;15;0.733129;
124;15;0.724535;
125;15;0.716143;
126;15;0.707951;
127;15;0.699952;
128;15;0.692143;
129;15;0.684519;
130;15;0.677075;
131;15;0.669807;
132;15;0.662712;
133;15;0.655784;
134;15;0.649021;
135;15;0.642418;
136;15;0.635971;
137;15;0.629676;
138;15;0.623531;
139;15;0.617531;
140;15;0.611673;
141;15;0.605954;
142;15;0.600371;
143;15;0.594919;
144;15;0.589597;
145;15;0.5844;
146;15;0.579327;
147;15;0.574374;
148;15;0.569538;
149;15;0.564816;
150;15;0.560206;
151;15;0.555706;
152;15;0.551312;
153;15;0.547022;
154;15;0.542833;
155;15;0.538744;
156;15;0.534752;
157;15;0.530854;
158;15;0.527048;
159;15;0.523333;
160;15;0.519705;
161;15;0.516163;
162;15;0.512706;
163;15;0.50933;
164;15;0.506034;
165;15;0.502816;
166;15;0.499674;
167;15;0.496606;
168;15;0.493612;
169;15;0.490688;
170;15;0.487833;
171;15;0.485046;
172;15;0.482325;
173;15;0.479668;
174;15;0.477074;
175;15;0.474542;
176;15;0.47207;
177;15;0.469656;
178;15;0.467299;
179;15;0.464998;
180;15;0.462752;
181;15;0.460559;
182;15;0.458417;
183;15;0.456327;
184;15;0.454285;
185;15;0.452293;
186;15;0.450347;
187;15;0.448447;
188;15;0.446593;
189;15;0.444782;
190;15;0.443014;
191;15;0.441288;
192;15;0.439603;
193;15;0.437958;
194;15;0.436352;
195;15;0.434784;
196;15;0.433253;
197;15;0.431758;
198;15;0.430298;
199;15;0.428874;
200;15;0.427482;
201;15;0.426124;
202;15;0.424798;
203;15;0.423503;
204;15;0.422239;
205;15;0.421005;
206;15;0.4198;
207;15;0.418624;
208;15;0.417476;
209;15;0.416354;
210;15;0.41526;
211;15;0.414191;
212;15;0.413147;
213;15;0.412128;
214;15;0.411134;
215;15;0.410163;
216;15;0.409214;
217;15;0.408289;
218;15;0.407385;
219;15;0.406503;
220;15;0.405641;
221;15;0.4048;
222;15;0.403979;
223;15;0.403177;
224;15;0.402394;
225;15;0.40163;
226;15;0.400884;
227;15;0.400155;
228;15;0.399444;
229;15;0.39875;
230;15;0.398072;
231;15;0.39741;
232;15;0.396764;
233;15;0.396133;
234;15;0.395517;
235;15;0.394915;
236;15;0.394328;
237;15;0.393755;
238;15;0.393195;
239;15;0.392649;
240;15;0.392115;
241;15;0.391595;
242;15;0.391086;
243;15;0.390589;
244;15;0.390105;
245;15;0.389631;
246;15;0.389169;
247;15;0.388718;
248;15;0.388278;
249;15;0.387848;
250;15;0.387428;
251;15;0.387018;
252;15;0.386618;
253;15;0.386227;
254;15;0.385846;
255;15;0.385473;
256;15;0.38511;
257;15;0.384755;
258;15;0.384408;
259;15;0.38407;
260;15;0.383739;
261;15;0.383417;
262;15;0.383102;
263;15;0.382794;
264;15;0.382494;
265;15;0.382201;
266;15;0.381915;
267;15;0.381636;
268;15;0.381363;
269;15;0.381097;
270;15;0.380837;
271;15;0.380583;
272;15;0.380335;
273;15;0.380093;
274;15;0.379857;
275;15;0.379626;
276;15;0.379401;
277;15;0.379181;
278;15;0.378966;
279;15;0.378757;
280;15;0.378552;
281;15;0.378353;
282;15;0.378158;
283;15;0.377967;
284;15;0.377781;
285;15;0.3776;
286;15;0.377423;
287;15;0.37725;
288;15;0.377081;
289;15;0.376916;
290;15;0.376755;
291;15;0.376598;
292;15;0.376444;
293;15;0.376294;
294;15;0.376148;
295;15;0.376005;
296;15;0.375866;
297;15;0.37573;
298;15;0.375597;
299;15;0.375467;
300;15;0.37534;
301;15;0.375216;
302;15;0.375096;
303;15;0.374978;
304;15;0.374863;
305;15;0.37475;
306;15;0.374641;
307;15;0.374533;
308;15;0.374429;
309;15;0.374327;
310;15;0.374227;
311;15;0.37413;
312;15;0.374035;
313;15;0.373942;
314;15;0.373851;
315;15;0.373763;
316;15;0.373676;
317;15;0.373592;
318;15;0.37351;
319;15;0.373429;
320;15;0.373351;
321;15;0.373274;
322;15;0.3732;
323;15;0.373127;
324;15;0.373055;
325;15;0.372986;
326;15;0.372918;
327;15;0.372851;
328;15;0.372787;
329;15;0.372723;
330;15;0.372662;
331;15;0.372601;
332;15;0.372542;
333;15;0.372485;
334;15;0.372429;
335;15;0.372374;
336;15;0.372321;
337;15;0.372268;
338;15;0.372217;
339;15;0.372168;
340;15;0.372119;
341;15;0.372072;
342;15;0.372025;
343;15;0.37198;
344;15;0.371936;
345;15;0.371893;
346;15;0.371851;
347;15;0.37181;
348;15;0.37177;
349;15;0.37173;
350;15;0.371692;
351;15;0.371655;
352;15;0.371618;
353;15;0.371583;
354;15;0.371548;
355;15;0.371514;
356;15;0.371481;
357;15;0.371449;
358;15;0.371417;
359;15;0.371386;
360;15;0.371356;
361;15;0.371327;
362;15;0.371298;
363;15;0.37127;
364;15;0.371243;
365;15;0.371216;
366;15;0.37119;
367;15;0.371165;
368;15;0.37114;
369;15;0.371116;
370;15;0.371092;
371;15;0.371069;
372;15;0.371046;
373;15;0.371024;
374;15;0.371003;
375;15;0.370982;
376;15;0.370961;
377;15;0.370941;
378;15;0.370922;
379;15;0.370902;
380;15;0.370884;
381;15;0.370866;
382;15;0.370848;
383;15;0.370831;
384;15;0.370814;
385;15;0.370797;
386;15;0.370781;
387;15;0.370765;
388;15;0.37075;
389;15;0.370735;
390;15;0.37072;
391;15;0.370706;
392;15;0.370692;
393;15;0.370678;
394;15;0.370665;
395;15;0.370652;
396;15;0.370639;
397;15;0.370627;
398;15;0.370615;
399;15;0.370603;
400;15;0.370591;
401;15;0.37058;
402;15;0.370569;
403;15;0.370558;
404;15;0.370548;
405;15;0.370538;
406;15;0.370528;
407;15;0.370518;
408;15;0.370508;
409;15;0.370499;
410;15;0.37049;
411;15;0.370481;
412;15;0.370472;
413;15;0.370464;
414;15;0.370456;
415;15;0.370448;
416;15;0.37044;
417;15;0.370432;
418;15;0.370425;
419;15;0.370417;
420;15;0.37041;
421;15;0.370403;
422;15;0.370396;
423;15;0.37039;
424;15;0.370383;
425;15;0.370377;
426;15;0.370371;
427;15;0.370365;
428;15;0.370359;
429;15;0.370353;
430;15;0.370347;
431;15;0.370342;
432;15;0.370336;
433;15;0.370331;
434;15;0.370326;
435;15;0.370321;
436;15;0.370316;
437;15;0.370312;
438;15;0.370307;
439;15;0.370302;
440;15;0.370298;
441;15;0.370294;
442;15;0.370289;
443;15;0.370285;
444;15;0.370281;
445;15;0.370277;
446;15;0.370273;
447;15;0.37027;
448;15;0.370266;
449;15;0.370263;
450;15;0.370259;
451;15;0.370256;
452;15;0.370252;
453;15;0.370249;
454;15;0.370246;
455;15;0.370243;
456;15;0.37024;
457;15;0.370237;
458;15;0.370234;
459;15;0.370231;
460;15;0.370228;
461;15;0.370226;
462;15;0.370223;
463;15;0.370221;
464;15;0.370218;
465;15;0.370216;
466;15;0.370213;
467;15;0.370211;
468;15;0.370209;
469;15;0.370207;
470;15;0.370204;
471;15;0.370202;
472;15;0.3702;
473;15;0.370198;
474;15;0.370196;
475;15;0.370194;
476;15;0.370192;
477;15;0.370191;
478;15;0.370189;
479;15;0.370187;
480;15;0.370185;
481;15;0.370184;
482;15;0.370182;
483;15;0.370181;
484;15;0.370179;
485;15;0.370177;
486;15;0.370176;
487;15;0.370175;
488;15;0.370173;
489;15;0.370172;
490;15;0.37017;
491;15;0.370169;
492;15;0.370168;
493;15;0.370167;
494;15;0.370165;
495;15;0.370164;
496;15;0.370163;
497;15;0.370162;
498;15;0.370161;
499;15;0.37016;
0;15;0.387923;
0;16;0.379842;
1;16;0.372144;
2;16;0.36481;
3;16;0.357824;
4;16;0.351168;
5;16;0.344828;
6;16;0.338787;
7;16;0.333033;
8;16;0.327551;
9;16;0.322329;
10;16;0.317354;
11;16;0.312615;
12;16;0.3081;
13;16;0.303799;
14;16;0.299701;
15;16;0.295798;
16;16;0.292079;
17;16;0.288537;
18;16;0.285162;
19;16;0.281947;
20;16;0.278884;
21;16;0.275967;
22;16;0.273187;
23;16;0.270539;
24;16;0.268017;
25;16;0.265613;
26;16;0.263324;
27;16;0.261143;
28;16;0.259066;
29;16;0.257086;
30;16;0.255201;
31;16;0.253405;
32;16;0.251693;
33;16;0.250063;
34;16;0.24851;
35;16;0.247031;
36;16;0.245621;
37;16;0.244279;
38;16;0.243;
39;16;0.241781;
40;16;0.24062;
41;16;0.239514;
42;16;0.238461;
43;16;0.237457;
44;16;0.236501;
45;16;0.23559;
46;16;0.234723;
47;16;0.233896;
48;16;0.233109;
49;16;0.232359;
50;16;0.231644;
51;16;0.230963;
52;16;0.230315;
53;16;0.229697;
54;16;0.229108;
55;16;0.228547;
56;16;0.228013;
57;16;0.227504;
58;16;0.22702;
59;16;0.226558;
60;16;0.226118;
61;16;0.225699;
62;16;0.225299;
63;16;0.224919;
64;16;0.224557;
65;16;0.224211;
66;16;0.223883;
67;16;0.223569;
68;16;0.223271;
69;16;0.222987;
70;16;0.222716;
71;16;0.222458;
72;16;0.222212;
73;16;0.221978;
74;16;0.221755;
75;16;0.221542;
76;16;0.22134;
77;16;0.221147;
78;16;0.220963;
79;16;0.220788;
80;16;0.220621;
81;16;0.220462;
82;16;0.220311;
83;16;0.220167;
84;16;0.22003;
85;16;0.219899;
86;16;0.219774;
87;16;0.219655;
88;16;0.219542;
89;16;0.219434;
90;16;0.219332;
91;16;0.219234;
92;16;0.219141;
93;16;0.219052;
94;16;0.218968;
95;16;0.218887;
96;16;0.21881;
97;16;0.218737;
98;16;0.218668;
99;16;0.218601;
100;16;0.866907;
101;16;0.836145;
102;16;0.80684;
103;16;0.778923;
104;16;0.752328;
105;16;0.726991;
106;16;0.702855;
107;16;0.679862;
108;16;0.657957;
109;16;0.637089;
110;16;0.61721;
111;16;0.598272;
112;16;0.580231;
113;16;0.563044;
114;16;0.54667;
115;16;0.531073;
116;16;0.516213;
117;16;0.502058;
118;16;0.488572;
119;16;0.475725;
120;16;0.463487;
121;16;0.451828;
122;16;0.440721;
123;16;0.43014;
124;16;0.42006;
125;16;0.410457;
126;16;0.40131;
127;16;0.392595;
128;16;0.384293;
129;16;0.376384;
130;16;0.368849;
131;16;0.361671;
132;16;0.354834;
133;16;0.34832;
134;16;0.342114;
135;16;0.336202;
136;16;0.33057;
137;16;0.325205;
138;16;0.320094;
139;16;0.315225;
140;16;0.310587;
141;16;0.306168;
142;16;0.301958;
143;16;0.297948;
144;16;0.294127;
145;16;0.290488;
146;16;0.287021;
147;16;0.283718;
148;16;0.280571;
149;16;0.277574;
150;16;0.274718;
151;16;0.271997;
152;16;0.269406;
153;16;0.266937;
154;16;0.264585;
155;16;0.262344;
156;16;0.26021;
157;16;0.258176;
158;16;0.256239;
159;16;0.254394;
160;16;0.252636;
161;16;0.250961;
162;16;0.249365;
163;16;0.247846;
164;16;0.246398;
165;16;0.245018;
166;16;0.243704;
167;16;0.242452;
168;16;0.24126;
169;16;0.240123;
170;16;0.239041;
171;16;0.23801;
172;16;0.237028;
173;16;0.236092;
174;16;0.235201;
175;16;0.234351;
176;16;0.233542;
177;16;0.232772;
178;16;0.232038;
179;16;0.231338;
180;16;0.230672;
181;16;0.230037;
182;16;0.229432;
183;16;0.228856;
184;16;0.228307;
185;16;0.227785;
186;16;0.227287;
187;16;0.226812;
188;16;0.22636;
189;16;0.22593;
190;16;0.225519;
191;16;0.225129;
192;16;0.224756;
193;16;0.224402;
194;16;0.224064;
195;16;0.223742;
196;16;0.223435;
197;16;0.223143;
198;16;0.222865;
199;16;0.2226;
200;16;0.222347;
201;16;0.222107;
202;16;0.221877;
203;16;0.221659;
204;16;0.221451;
205;16;0.221253;
206;16;0.221064;
207;16;0.220884;
208;16;0.220713;
209;16;0.22055;
210;16;0.220394;
211;16;0.220246;
212;16;0.220105;
213;16;0.219971;
214;16;0.219843;
215;16;0.219721;
216;16;0.219605;
217;16;0.219494;
218;16;0.219388;
219;16;0.219288;
220;16;0.219192;
221;16;0.219101;
222;16;0.219014;
223;16;0.218931;
224;16;0.218853;
225;16;0.218777;
226;16;0.218706;
227;16;0.218638;
228;16;0.218573;
229;16;0.218511;
230;16;0.218452;
231;16;0.218396;
232;16;0.218342;
233;16;0.218291;
234;16;0.218243;
235;16;0.218197;
236;16;0.218153;
237;16;0.218111;
238;16;0.218071;
239;16;0.218033;
240;16;0.217996;
241;16;0.217962;
242;16;0.217929;
243;16;0.217897;
244;16;0.217868;
245;16;0.217839;
246;16;0.217812;
247;16;0.217786;
248;16;0.217762;
249;16;0.217738;
250;16;0.217716;
251;16;0.217695;
252;16;0.217674;
253;16;0.217655;
254;16;0.217637;
255;16;0.217619;
256;16;0.217602;
257;16;0.217586;
258;16;0.217571;
259;16;0.217557;
260;16;0.217543;
261;16;0.21753;
262;16;0.217518;
263;16;0.217506;
264;16;0.217494;
265;16;0.217484;
266;16;0.217473;
267;16;0.217463;
268;16;0.217454;
269;16;0.217445;
270;16;0.217437;
271;16;0.217429;
272;16;0.217421;
273;16;0.217414;
274;16;0.217407;
275;16;0.2174;
276;16;0.217394;
277;16;0.217388;
278;16;0.217382;
279;16;0.217377;
280;16;0.217371;
281;16;0.217366;
282;16;0.217362;
283;16;0.217357;
284;16;0.217353;
285;16;0.217349;
286;16;0.217345;
287;16;0.217341;
288;16;0.217338;
289;16;0.217334;
290;16;0.217331;
291;16;0.217328;
292;16;0.217325;
293;16;0.217322;
294;16;0.21732;
295;16;0.217317;
296;16;0.217315;
297;16;0.217312;
298;16;0.21731;
299;16;0.217308;
300;16;0.217306;
301;16;0.217304;
302;16;0.217303;
303;16;0.217301;
304;16;0.217299;
305;16;0.217298;
306;16;0.217296;
307;16;0.217295;
308;16;0.217293;
309;16;0.217292;
310;16;0.217291;
311;16;0.21729;
312;16;0.217289;
313;16;0.217288;
314;16;0.217287;
315;16;0.217286;
316;16;0.217285;
317;16;0.217284;
318;16;0.217283;
319;16;0.217282;
320;16;0.217282;
321;16;0.217281;
322;16;0.21728;
323;16;0.21728;
324;16;0.217279;
325;16;0.217278;
326;16;0.217278;
327;16;0.217277;
328;16;0.217277;
329;16;0.217276;
330;16;0.217276;
331;16;0.217275;
332;16;0.217275;
333;16;0.217275;
334;16;0.217274;
335;16;0.217274;
336;16;0.217273;
337;16;0.217273;
338;16;0.217273;
339;16;0.217272;
340;16;0.217272;
341;16;0.217272;
342;16;0.217272;
343;16;0.217271;
344;16;0.217271;
345;16;0.217271;
346;16;0.217271;
347;16;0.217271;
348;16;0.21727;
349;16;0.21727;
350;16;0.21727;
351;16;0.21727;
352;16;0.21727;
353;16;0.21727;
354;16;0.217269;
355;16;0.217269;
356;16;0.217269;
357;16;0.217269;
358;16;0.217269;
359;16;0.217269;
360;16;0.217269;
361;16;0.217269;
362;16;0.217268;
363;16;0.217268;
364;16;0.217268;
365;16;0.217268;
366;16;0.217268;
367;16;0.217268;
368;16;0.217268;
369;16;0.217268;
370;16;0.217268;
371;16;0.217268;
372;16;0.217268;
373;16;0.217268;
374;16;0.217268;
375;16;0.217268;
376;16;0.217267;
377;16;0.217267;
378;16;0.217267;
379;16;0.217267;
380;16;0.217267;
381;16;0.217267;
382;16;0.217267;
383;16;0.217267;
384;16;0.217267;
385;16;0.217267;
386;16;0.217267;
387;16;0.217267;
388;16;0.217267;
389;16;0.217267;
390;16;0.217267;
391;16;0.217267;
392;16;0.217267;
393;16;0.217267;
394;16;0.217267;
395;16;0.217267;
396;16;0.217267;
397;16;0.217267;
398;16;0.217267;
399;16;0.217267;
400;16;0.217267;
401;16;0.217267;
402;16;0.217267;
403;16;0.217267;
404;16;0.217267;
405;16;0.217267;
406;16;0.217267;
407;16;0.217267;
408;16;0.217267;
409;16;0.217267;
410;16;0.217267;
411;16;0.217267;
412;16;0.217267;
413;16;0.217267;
414;16;0.217267;
415;16;0.217267;
416;16;0.217267;
417;16;0.217267;
418;16;0.217267;
419;16;0.217267;
420;16;0.217267;
421;16;0.217267;
422;16;0.217267;
423;16;0.217267;
424;16;0.217267;
425;16;0.217267;
426;16;0.217267;
427;16;0.217267;
428;16;0.217267;
429;16;0.217267;
430;16;0.217267;
431;16;0.217267;
432;16;0.217267;
433;16;0.217267;
434;16;0.217267;
435;16;0.217267;
436;16;0.217267;
437;16;0.217267;
438;16;0.217267;
439;16;0.217267;
440;16;0.217267;
441;16;0.217267;
442;16;0.217267;
443;16;0.217267;
444;16;0.217267;
445;16;0.217267;
446;16;0.217267;
447;16;0.217267;
448;16;0.217267;
449;16;0.217267;
450;16;0.217267;
451;16;0.217267;
452;16;0.217267;
453;16;0.217267;
454;16;0.217267;
455;16;0.217267;
456;16;0.217267;
457;16;0.217267;
458;16;0.217267;
459;16;0.217267;
460;16;0.217267;
461;16;0.217267;
462;16;0.217267;
463;16;0.217267;
464;16;0.217267;
465;16;0.217267;
466;16;0.217267;
467;16;0.217267;
468;16;0.217267;
469;16;0.217267;
470;16;0.217267;
471;16;0.217266;
472;16;0.217266;
473;16;0.217266;
474;16;0.217266;
475;16;0.217266;
476;16;0.217266;
477;16;0.217266;
478;16;0.217266;
479;16;0.217266;
480;16;0.217266;
481;16;0.217266;
482;16;0.217266;
483;16;0.217266;
484;16;0.217266;
485;16;0.217266;
486;16;0.217266;
487;16;0.217266;
488;16;0.217266;
489;16;0.217266;
490;16;0.217266;
491;16;0.217266;
492;16;0.217266;
493;16;0.217266;
494;16;0.217266;
495;16;0.217266;
496;16;0.217266;
497;16;0.217266;
498;16;0.217266;
499;16;0.217266;
0;16;0.5;
0;17;0.485142;
1;17;0.471076;
2;17;0.457761;
3;17;0.445156;
4;17;0.433224;
5;17;0.421928;
6;17;0.411234;
7;17;0.401111;
8;17;0.391528;
9;17;0.382456;
10;17;0.373869;
11;17;0.365739;
12;17;0.358043;
13;17;0.350757;
14;17;0.34386;
15;17;0.337331;
16;17;0.33115;
17;17;0.325299;
18;17;0.31976;
19;17;0.314517;
20;17;0.309553;
21;17;0.304854;
22;17;0.300405;
23;17;0.296194;
24;17;0.292208;
25;17;0.288434;
26;17;0.284862;
27;17;0.28148;
28;17;0.278278;
29;17;0.275247;
30;17;0.272378;
31;17;0.269662;
32;17;0.267091;
33;17;0.264657;
34;17;0.262353;
35;17;0.260172;
36;17;0.258107;
37;17;0.256152;
38;17;0.254302;
39;17;0.25255;
40;17;0.250892;
41;17;0.249322;
42;17;0.247836;
43;17;0.246429;
44;17;0.245097;
45;17;0.243836;
46;17;0.242643;
47;17;0.241513;
48;17;0.240443;
49;17;0.239431;
50;17;0.238472;
51;17;0.237565;
52;17;0.236706;
53;17;0.235893;
54;17;0.235123;
55;17;0.234394;
56;17;0.233704;
57;17;0.233051;
58;17;0.232433;
59;17;0.231848;
60;17;0.231294;
61;17;0.230769;
62;17;0.230273;
63;17;0.229803;
64;17;0.229358;
65;17;0.228937;
66;17;0.228538;
67;17;0.228161;
68;17;0.227803;
69;17;0.227465;
70;17;0.227145;
71;17;0.226842;
72;17;0.226555;
73;17;0.226283;
74;17;0.226026;
75;17;0.225782;
76;17;0.225552;
77;17;0.225334;
78;17;0.225127;
79;17;0.224932;
80;17;0.224747;
81;17;0.224572;
82;17;0.224406;
83;17;0.224249;
84;17;0.2241;
85;17;0.223959;
86;17;0.223826;
87;17;0.2237;
88;17;0.223581;
89;17;0.223468;
90;17;0.223361;
91;17;0.223259;
92;17;0.223163;
93;17;0.223073;
94;17;0.222987;
95;17;0.222905;
96;17;0.222828;
97;17;0.222756;
98;17;0.222687;
99;17;0.222621;
100;17;0.952395;
101;17;0.913405;
102;17;0.876495;
103;17;0.841553;
104;17;0.808476;
105;17;0.777163;
106;17;0.74752;
107;17;0.719458;
108;17;0.692894;
109;17;0.667746;
110;17;0.64394;
111;17;0.621404;
112;17;0.60007;
113;17;0.579874;
114;17;0.560755;
115;17;0.542656;
116;17;0.525523;
117;17;0.509303;
118;17;0.493949;
119;17;0.479413;
120;17;0.465654;
121;17;0.452628;
122;17;0.440297;
123;17;0.428623;
124;17;0.417573;
125;17;0.407112;
126;17;0.397208;
127;17;0.387834;
128;17;0.378959;
129;17;0.370557;
130;17;0.362604;
131;17;0.355075;
132;17;0.347948;
133;17;0.341201;
134;17;0.334814;
135;17;0.328767;
136;17;0.323043;
137;17;0.317625;
138;17;0.312495;
139;17;0.307639;
140;17;0.303042;
141;17;0.29869;
142;17;0.294571;
143;17;0.290671;
144;17;0.286979;
145;17;0.283484;
146;17;0.280176;
147;17;0.277044;
148;17;0.274079;
149;17;0.271272;
150;17;0.268615;
151;17;0.2661;
152;17;0.263719;
153;17;0.261465;
154;17;0.259331;
155;17;0.257311;
156;17;0.255398;
157;17;0.253588;
158;17;0.251874;
159;17;0.250252;
160;17;0.248716;
161;17;0.247263;
162;17;0.245886;
163;17;0.244583;
164;17;0.24335;
165;17;0.242183;
166;17;0.241077;
167;17;0.240031;
168;17;0.23904;
169;17;0.238103;
170;17;0.237215;
171;17;0.236375;
172;17;0.235579;
173;17;0.234826;
174;17;0.234113;
175;17;0.233438;
176;17;0.2328;
177;17;0.232195;
178;17;0.231622;
179;17;0.23108;
180;17;0.230567;
181;17;0.230082;
182;17;0.229622;
183;17;0.229187;
184;17;0.228774;
185;17;0.228384;
186;17;0.228015;
187;17;0.227666;
188;17;0.227335;
189;17;0.227021;
190;17;0.226725;
191;17;0.226444;
192;17;0.226178;
193;17;0.225927;
194;17;0.225689;
195;17;0.225463;
196;17;0.22525;
197;17;0.225048;
198;17;0.224856;
199;17;0.224675;
200;17;0.224504;
201;17;0.224342;
202;17;0.224188;
203;17;0.224043;
204;17;0.223905;
205;17;0.223775;
206;17;0.223651;
207;17;0.223535;
208;17;0.223424;
209;17;0.223319;
210;17;0.22322;
211;17;0.223126;
212;17;0.223038;
213;17;0.222954;
214;17;0.222874;
215;17;0.222799;
216;17;0.222727;
217;17;0.22266;
218;17;0.222596;
219;17;0.222536;
220;17;0.222478;
221;17;0.222424;
222;17;0.222373;
223;17;0.222324;
224;17;0.222278;
225;17;0.222235;
226;17;0.222193;
227;17;0.222154;
228;17;0.222118;
229;17;0.222083;
230;17;0.222049;
231;17;0.222018;
232;17;0.221988;
233;17;0.22196;
234;17;0.221934;
235;17;0.221909;
236;17;0.221885;
237;17;0.221862;
238;17;0.221841;
239;17;0.221821;
240;17;0.221802;
241;17;0.221783;
242;17;0.221766;
243;17;0.22175;
244;17;0.221735;
245;17;0.22172;
246;17;0.221706;
247;17;0.221693;
248;17;0.221681;
249;17;0.221669;
250;17;0.221658;
251;17;0.221648;
252;17;0.221638;
253;17;0.221629;
254;17;0.22162;
255;17;0.221611;
256;17;0.221603;
257;17;0.221596;
258;17;0.221589;
259;17;0.221582;
260;17;0.221576;
261;17;0.221569;
262;17;0.221564;
263;17;0.221558;
264;17;0.221553;
265;17;0.221548;
266;17;0.221544;
267;17;0.221539;
268;17;0.221535;
269;17;0.221531;
270;17;0.221528;
271;17;0.221524;
272;17;0.221521;
273;17;0.221518;
274;17;0.221515;
275;17;0.221512;
276;17;0.221509;
277;17;0.221507;
278;17;0.221504;
279;17;0.221502;
280;17;0.2215;
281;17;0.221498;
282;17;0.221496;
283;17;0.221494;
284;17;0.221493;
285;17;0.221491;
286;17;0.221489;
287;17;0.221488;
288;17;0.221487;
289;17;0.221485;
290;17;0.221484;
291;17;0.221483;
292;17;0.221482;
293;17;0.221481;
294;17;0.22148;
295;17;0.221479;
296;17;0.221478;
297;17;0.221477;
298;17;0.221476;
299;17;0.221475;
300;17;0.221475;
301;17;0.221474;
302;17;0.221473;
303;17;0.221473;
304;17;0.221472;
305;17;0.221472;
306;17;0.221471;
307;17;0.221471;
308;17;0.22147;
309;17;0.22147;
310;17;0.221469;
311;17;0.221469;
312;17;0.221469;
313;17;0.221468;
314;17;0.221468;
315;17;0.221468;
316;17;0.221467;
317;17;0.221467;
318;17;0.221467;
319;17;0.221467;
320;17;0.221466;
321;17;0.221466;
322;17;0.221466;
323;17;0.221466;
324;17;0.221465;
325;17;0.221465;
326;17;0.221465;
327;17;0.221465;
328;17;0.221465;
329;17;0.221465;
330;17;0.221465;
331;17;0.221464;
332;17;0.221464;
333;17;0.221464;
334;17;0.221464;
335;17;0.221464;
336;17;0.221464;
337;17;0.221464;
338;17;0.221464;
339;17;0.221464;
340;17;0.221463;
341;17;0.221463;
342;17;0.221463;
343;17;0.221463;
344;17;0.221463;
345;17;0.221463;
346;17;0.221463;
347;17;0.221463;
348;17;0.221463;
349;17;0.221463;
350;17;0.221463;
351;17;0.221463;
352;17;0.221463;
353;17;0.221463;
354;17;0.221463;
355;17;0.221463;
356;17;0.221463;
357;17;0.221463;
358;17;0.221463;
359;17;0.221463;
360;17;0.221463;
361;17;0.221463;
362;17;0.221463;
363;17;0.221462;
364;17;0.221462;
365;17;0.221462;
366;17;0.221462;
367;17;0.221462;
368;17;0.221462;
369;17;0.221462;
370;17;0.221462;
371;17;0.221462;
372;17;0.221462;
373;17;0.221462;
374;17;0.221462;
375;17;0.221462;
376;17;0.221462;
377;17;0.221462;
378;17;0.221462;
379;17;0.221462;
380;17;0.221462;
381;17;0.221462;
382;17;0.221462;
383;17;0.221462;
384;17;0.221462;
385;17;0.221462;
386;17;0.221462;
387;17;0.221462;
388;17;0.221462;
389;17;0.221462;
390;17;0.221462;
391;17;0.221462;
392;17;0.221462;
393;17;0.221462;
394;17;0.221462;
395;17;0.221462;
396;17;0.221462;
397;17;0.221462;
398;17;0.221462;
399;17;0.221462;
400;17;0.221462;
401;17;0.221462;
402;17;0.221462;
403;17;0.221462;
404;17;0.221462;
405;17;0.221462;
406;17;0.221462;
407;17;0.221462;
408;17;0.221462;
409;17;0.221462;
410;17;0.221462;
411;17;0.221462;
412;17;0.221462;
413;17;0.221462;
414;17;0.221462;
415;17;0.221462;
416;17;0.221462;
417;17;0.221462;
418;17;0.221462;
419;17;0.221462;
420;17;0.221462;
421;17;0.221462;
422;17;0.221462;
423;17;0.221462;
424;17;0.221462;
425;17;0.221462;
426;17;0.221462;
427;17;0.221462;
428;17;0.221462;
429;17;0.221462;
430;17;0.221462;
431;17;0.221462;
432;17;0.221462;
433;17;0.221462;
434;17;0.221462;
435;17;0.221462;
436;17;0.221462;
437;17;0.221462;
438;17;0.221462;
439;17;0.221462;
440;17;0.221462;
441;17;0.221462;
442;17;0.221462;
443;17;0.221462;
444;17;0.221462;
445;17;0.221462;
446;17;0.221462;
447;17;0.221462;
448;17;0.221462;
449;17;0.221462;
450;17;0.221462;
451;17;0.221462;
452;17;0.221462;
453;17;0.221462;
454;17;0.221462;
455;17;0.221462;
456;17;0.221462;
457;17;0.221462;
458;17;0.221462;
459;17;0.221462;
460;17;0.221462;
461;17;0.221462;
462;17;0.221462;
463;17;0.221462;
464;17;0.221462;
465;17;0.221462;
466;17;0.221462;
467;17;0.221462;
468;17;0.221462;
469;17;0.221462;
470;17;0.221462;
471;17;0.221462;
472;17;0.221462;
473;17;0.221462;
474;17;0.221462;
475;17;0.221462;
476;17;0.221462;
477;17;0.221462;
478;17;0.221462;
479;17;0.221462;
480;17;0.221462;
481;17;0.221462;
482;17;0.221462;
483;17;0.221462;
484;17;0.221462;
485;17;0.221462;
486;17;0.221462;
487;17;0.221462;
488;17;0.221462;
489;17;0.221462;
490;17;0.221462;
491;17;0.221462;
492;17;0.221462;
493;17;0.221462;
494;17;0.221462;
495;17;0.221462;
496;17;0.221462;
497;17;0.221462;
498;17;0.221462;
499;17;0.221462;
0;17;0.502646;
0;18;0.490658;
1;18;0.479238;
2;18;0.468359;
3;18;0.457995;
4;18;0.448121;
5;18;0.438715;
6;18;0.429755;
7;18;0.421219;
8;18;0.413087;
9;18;0.40534;
10;18;0.397959;
11;18;0.390929;
12;18;0.384231;
13;18;0.377851;
14;18;0.371772;
15;18;0.365981;
16;18;0.360465;
17;18;0.35521;
18;18;0.350203;
19;18;0.345434;
20;18;0.340891;
21;18;0.336562;
22;18;0.332439;
23;18;0.328511;
24;18;0.324769;
25;18;0.321204;
26;18;0.317808;
27;18;0.314572;
28;18;0.31149;
29;18;0.308554;
30;18;0.305757;
31;18;0.303092;
32;18;0.300554;
33;18;0.298135;
34;18;0.295832;
35;18;0.293637;
36;18;0.291546;
37;18;0.289554;
38;18;0.287657;
39;18;0.285849;
40;18;0.284127;
41;18;0.282487;
42;18;0.280924;
43;18;0.279435;
44;18;0.278017;
45;18;0.276666;
46;18;0.275379;
47;18;0.274152;
48;18;0.272984;
49;18;0.271871;
50;18;0.270811;
51;18;0.269801;
52;18;0.268839;
53;18;0.267923;
54;18;0.267049;
55;18;0.266218;
56;18;0.265425;
57;18;0.26467;
58;18;0.263951;
59;18;0.263266;
60;18;0.262613;
61;18;0.261992;
62;18;0.261399;
63;18;0.260835;
64;18;0.260297;
65;18;0.259785;
66;18;0.259297;
67;18;0.258833;
68;18;0.25839;
69;18;0.257968;
70;18;0.257566;
71;18;0.257184;
72;18;0.256819;
73;18;0.256472;
74;18;0.256141;
75;18;0.255825;
76;18;0.255525;
77;18;0.255239;
78;18;0.254966;
79;18;0.254707;
80;18;0.254459;
81;18;0.254224;
82;18;0.253999;
83;18;0.253785;
84;18;0.253582;
85;18;0.253387;
86;18;0.253203;
87;18;0.253026;
88;18;0.252859;
89;18;0.252699;
90;18;0.252546;
91;18;0.252401;
92;18;0.252263;
93;18;0.252132;
94;18;0.252006;
95;18;0.251887;
96;18;0.251773;
97;18;0.251664;
98;18;0.251561;
99;18;0.251463;
100;18;0.937628;
101;18;0.905043;
102;18;0.874001;
103;18;0.844429;
104;18;0.816257;
105;18;0.789419;
106;18;0.763852;
107;18;0.739496;
108;18;0.716293;
109;18;0.694189;
110;18;0.673131;
111;18;0.653071;
112;18;0.63396;
113;18;0.615754;
114;18;0.598411;
115;18;0.581888;
116;18;0.566148;
117;18;0.551154;
118;18;0.536869;
119;18;0.523261;
120;18;0.510297;
121;18;0.497947;
122;18;0.486182;
123;18;0.474973;
124;18;0.464296;
125;18;0.454124;
126;18;0.444434;
127;18;0.435203;
128;18;0.426409;
129;18;0.418031;
130;18;0.41005;
131;18;0.402447;
132;18;0.395204;
133;18;0.388303;
134;18;0.38173;
135;18;0.375468;
136;18;0.369502;
137;18;0.363819;
138;18;0.358405;
139;18;0.353247;
140;18;0.348334;
141;18;0.343653;
142;18;0.339194;
143;18;0.334946;
144;18;0.330899;
145;18;0.327044;
146;18;0.323371;
147;18;0.319872;
148;18;0.316539;
149;18;0.313364;
150;18;0.310339;
151;18;0.307458;
152;18;0.304712;
153;18;0.302097;
154;18;0.299606;
155;18;0.297232;
156;18;0.294971;
157;18;0.292817;
158;18;0.290765;
159;18;0.288811;
160;18;0.286948;
161;18;0.285174;
162;18;0.283484;
163;18;0.281874;
164;18;0.28034;
165;18;0.278879;
166;18;0.277487;
167;18;0.276161;
168;18;0.274898;
169;18;0.273694;
170;18;0.272548;
171;18;0.271456;
172;18;0.270415;
173;18;0.269424;
174;18;0.26848;
175;18;0.26758;
176;18;0.266723;
177;18;0.265907;
178;18;0.265129;
179;18;0.264388;
180;18;0.263683;
181;18;0.26301;
182;18;0.26237;
183;18;0.261759;
184;18;0.261178;
185;18;0.260624;
186;18;0.260097;
187;18;0.259594;
188;18;0.259115;
189;18;0.258659;
190;18;0.258225;
191;18;0.257811;
192;18;0.257416;
193;18;0.257041;
194;18;0.256683;
195;18;0.256342;
196;18;0.256017;
197;18;0.255708;
198;18;0.255413;
199;18;0.255132;
200;18;0.254865;
201;18;0.25461;
202;18;0.254367;
203;18;0.254136;
204;18;0.253915;
205;18;0.253705;
206;18;0.253505;
207;18;0.253315;
208;18;0.253134;
209;18;0.252961;
210;18;0.252796;
211;18;0.252639;
212;18;0.25249;
213;18;0.252347;
214;18;0.252212;
215;18;0.252082;
216;18;0.251959;
217;18;0.251842;
218;18;0.25173;
219;18;0.251624;
220;18;0.251522;
221;18;0.251426;
222;18;0.251334;
223;18;0.251246;
224;18;0.251163;
225;18;0.251083;
226;18;0.251007;
227;18;0.250935;
228;18;0.250866;
229;18;0.250801;
230;18;0.250738;
231;18;0.250679;
232;18;0.250622;
233;18;0.250568;
234;18;0.250517;
235;18;0.250468;
236;18;0.250421;
237;18;0.250377;
238;18;0.250335;
239;18;0.250294;
240;18;0.250256;
241;18;0.250219;
242;18;0.250184;
243;18;0.250151;
244;18;0.250119;
245;18;0.250089;
246;18;0.250061;
247;18;0.250033;
248;18;0.250007;
249;18;0.249982;
250;18;0.249959;
251;18;0.249936;
252;18;0.249915;
253;18;0.249894;
254;18;0.249875;
255;18;0.249856;
256;18;0.249838;
257;18;0.249822;
258;18;0.249806;
259;18;0.24979;
260;18;0.249776;
261;18;0.249762;
262;18;0.249749;
263;18;0.249736;
264;18;0.249724;
265;18;0.249713;
266;18;0.249702;
267;18;0.249691;
268;18;0.249681;
269;18;0.249672;
270;18;0.249663;
271;18;0.249655;
272;18;0.249646;
273;18;0.249639;
274;18;0.249631;
275;18;0.249624;
276;18;0.249618;
277;18;0.249611;
278;18;0.249605;
279;18;0.249599;
280;18;0.249594;
281;18;0.249588;
282;18;0.249583;
283;18;0.249579;
284;18;0.249574;
285;18;0.24957;
286;18;0.249566;
287;18;0.249562;
288;18;0.249558;
289;18;0.249554;
290;18;0.249551;
291;18;0.249548;
292;18;0.249545;
293;18;0.249542;
294;18;0.249539;
295;18;0.249536;
296;18;0.249534;
297;18;0.249531;
298;18;0.249529;
299;18;0.249527;
300;18;0.249525;
301;18;0.249523;
302;18;0.249521;
303;18;0.249519;
304;18;0.249517;
305;18;0.249516;
306;18;0.249514;
307;18;0.249513;
308;18;0.249511;
309;18;0.24951;
310;18;0.249509;
311;18;0.249507;
312;18;0.249506;
313;18;0.249505;
314;18;0.249504;
315;18;0.249503;
316;18;0.249502;
317;18;0.249501;
318;18;0.2495;
319;18;0.249499;
320;18;0.249499;
321;18;0.249498;
322;18;0.249497;
323;18;0.249496;
324;18;0.249496;
325;18;0.249495;
326;18;0.249495;
327;18;0.249494;
328;18;0.249493;
329;18;0.249493;
330;18;0.249492;
331;18;0.249492;
332;18;0.249492;
333;18;0.249491;
334;18;0.249491;
335;18;0.24949;
336;18;0.24949;
337;18;0.24949;
338;18;0.249489;
339;18;0.249489;
340;18;0.249489;
341;18;0.249488;
342;18;0.249488;
343;18;0.249488;
344;18;0.249488;
345;18;0.249487;
346;18;0.249487;
347;18;0.249487;
348;18;0.249487;
349;18;0.249487;
350;18;0.249486;
351;18;0.249486;
352;18;0.249486;
353;18;0.249486;
354;18;0.249486;
355;18;0.249486;
356;18;0.249485;
357;18;0.249485;
358;18;0.249485;
359;18;0.249485;
360;18;0.249485;
361;18;0.249485;
362;18;0.249485;
363;18;0.249485;
364;18;0.249485;
365;18;0.249484;
366;18;0.249484;
367;18;0.249484;
368;18;0.249484;
369;18;0.249484;
370;18;0.249484;
371;18;0.249484;
372;18;0.249484;
373;18;0.249484;
374;18;0.249484;
375;18;0.249484;
376;18;0.249484;
377;18;0.249484;
378;18;0.249484;
379;18;0.249484;
380;18;0.249484;
381;18;0.249483;
382;18;0.249483;
383;18;0.249483;
384;18;0.249483;
385;18;0.249483;
386;18;0.249483;
387;18;0.249483;
388;18;0.249483;
389;18;0.249483;
390;18;0.249483;
391;18;0.249483;
392;18;0.249483;
393;18;0.249483;
394;18;0.249483;
395;18;0.249483;
396;18;0.249483;
397;18;0.249483;
398;18;0.249483;
399;18;0.249483;
400;18;0.249483;
401;18;0.249483;
402;18;0.249483;
403;18;0.249483;
404;18;0.249483;
405;18;0.249483;
406;18;0.249483;
407;18;0.249483;
408;18;0.249483;
409;18;0.249483;
410;18;0.249483;
411;18;0.249483;
412;18;0.249483;
413;18;0.249483;
414;18;0.249483;
415;18;0.249483;
416;18;0.249483;
417;18;0.249483;
418;18;0.249483;
419;18;0.249483;
420;18;0.249483;
421;18;0.249483;
422;18;0.249483;
423;18;0.249483;
424;18;0.249483;
425;18;0.249483;
426;18;0.249483;
427;18;0.249483;
428;18;0.249483;
429;18;0.249483;
430;18;0.249483;
431;18;0.249483;
432;18;0.249483;
433;18;0.249483;
434;18;0.249483;
435;18;0.249483;
436;18;0.249483;
437;18;0.249483;
438;18;0.249483;
439;18;0.249483;
440;18;0.249483;
441;18;0.249483;
442;18;0.249483;
443;18;0.249483;
444;18;0.249483;
445;18;0.249483;
446;18;0.249483;
447;18;0.249483;
448;18;0.249483;
449;18;0.249483;
450;18;0.249483;
451;18;0.249483;
452;18;0.249483;
453;18;0.249483;
454;18;0.249483;
455;18;0.249483;
456;18;0.249483;
457;18;0.249483;
458;18;0.249483;
459;18;0.249483;
460;18;0.249483;
461;18;0.249483;
462;18;0.249483;
463;18;0.249483;
464;18;0.249483;
465;18;0.249483;
466;18;0.249483;
467;18;0.249483;
468;18;0.249483;
469;18;0.249483;
470;18;0.249483;
471;18;0.249483;
472;18;0.249483;
473;18;0.249483;
474;18;0.249483;
475;18;0.249483;
476;18;0.249483;
477;18;0.249483;
478;18;0.249483;
479;18;0.249483;
480;18;0.249483;
481;18;0.249483;
482;18;0.249483;
483;18;0.249483;
484;18;0.249483;
485;18;0.249483;
486;18;0.249483;
487;18;0.249483;
488;18;0.249483;
489;18;0.249483;
490;18;0.249483;
491;18;0.249483;
492;18;0.249483;
493;18;0.249483;
494;18;0.249483;
495;18;0.249483;
496;18;0.249483;
497;18;0.249483;
498;18;0.249483;
499;18;0.249483;
0;18;0.5;
0;19;0.489781;
1;19;0.479982;
2;19;0.470584;
3;19;0.461572;
4;19;0.45293;
5;19;0.444641;
6;19;0.436693;
7;19;0.429071;
8;19;0.421761;
9;19;0.414752;
10;19;0.408029;
11;19;0.401583;
12;19;0.395401;
13;19;0.389472;
14;19;0.383786;
15;19;0.378334;
16;19;0.373105;
17;19;0.368091;
18;19;0.363283;
19;19;0.358671;
20;19;0.354249;
21;19;0.350008;
22;19;0.345941;
23;19;0.342041;
24;19;0.338301;
25;19;0.334714;
26;19;0.331274;
27;19;0.327975;
28;19;0.324812;
29;19;0.321779;
30;19;0.318869;
31;19;0.316079;
32;19;0.313404;
33;19;0.310838;
34;19;0.308378;
35;19;0.306018;
36;19;0.303755;
37;19;0.301585;
38;19;0.299504;
39;19;0.297509;
40;19;0.295595;
41;19;0.29376;
42;19;0.292;
43;19;0.290312;
44;19;0.288693;
45;19;0.287141;
46;19;0.285652;
47;19;0.284225;
48;19;0.282856;
49;19;0.281543;
50;19;0.280284;
51;19;0.279077;
52;19;0.277919;
53;19;0.276808;
54;19;0.275744;
55;19;0.274722;
56;19;0.273743;
57;19;0.272804;
58;19;0.271903;
59;19;0.27104;
60;19;0.270212;
61;19;0.269417;
62;19;0.268656;
63;19;0.267925;
64;19;0.267225;
65;19;0.266553;
66;19;0.265909;
67;19;0.265291;
68;19;0.264698;
69;19;0.26413;
70;19;0.263585;
71;19;0.263063;
72;19;0.262562;
73;19;0.262081;
74;19;0.261621;
75;19;0.261179;
76;19;0.260755;
77;19;0.260348;
78;19;0.259959;
79;19;0.259585;
80;19;0.259226;
81;19;0.258883;
82;19;0.258553;
83;19;0.258237;
84;19;0.257934;
85;19;0.257643;
86;19;0.257364;
87;19;0.257097;
88;19;0.256841;
89;19;0.256595;
90;19;0.256359;
91;19;0.256133;
92;19;0.255916;
93;19;0.255708;
94;19;0.255509;
95;19;0.255317;
96;19;0.255134;
97;19;0.254958;
98;19;0.254789;
99;19;0.254628;
100;19;0.946483;
101;19;0.917953;
102;19;0.890593;
103;19;0.864355;
104;19;0.839193;
105;19;0.815063;
106;19;0.791922;
107;19;0.769731;
108;19;0.74845;
109;19;0.728042;
110;19;0.70847;
111;19;0.689702;
112;19;0.671703;
113;19;0.654442;
114;19;0.637889;
115;19;0.622016;
116;19;0.606793;
117;19;0.592194;
118;19;0.578194;
119;19;0.564769;
120;19;0.551894;
121;19;0.539547;
122;19;0.527706;
123;19;0.516351;
124;19;0.505462;
125;19;0.49502;
126;19;0.485005;
127;19;0.475402;
128;19;0.466192;
129;19;0.45736;
130;19;0.44889;
131;19;0.440768;
132;19;0.432978;
133;19;0.425508;
134;19;0.418345;
135;19;0.411475;
136;19;0.404887;
137;19;0.39857;
138;19;0.392511;
139;19;0.386701;
140;19;0.381129;
141;19;0.375786;
142;19;0.370661;
143;19;0.365747;
144;19;0.361035;
145;19;0.356516;
146;19;0.352182;
147;19;0.348026;
148;19;0.34404;
149;19;0.340218;
150;19;0.336552;
151;19;0.333037;
152;19;0.329666;
153;19;0.326434;
154;19;0.323334;
155;19;0.320361;
156;19;0.31751;
157;19;0.314776;
158;19;0.312154;
159;19;0.309639;
160;19;0.307228;
161;19;0.304915;
162;19;0.302698;
163;19;0.300571;
164;19;0.298532;
165;19;0.296576;
166;19;0.2947;
167;19;0.292902;
168;19;0.291177;
169;19;0.289523;
170;19;0.287937;
171;19;0.286415;
172;19;0.284957;
173;19;0.283558;
174;19;0.282216;
175;19;0.280929;
176;19;0.279695;
177;19;0.278512;
178;19;0.277378;
179;19;0.276289;
180;19;0.275246;
181;19;0.274245;
182;19;0.273285;
183;19;0.272365;
184;19;0.271483;
185;19;0.270636;
186;19;0.269824;
187;19;0.269046;
188;19;0.2683;
189;19;0.267584;
190;19;0.266897;
191;19;0.266239;
192;19;0.265608;
193;19;0.265002;
194;19;0.264422;
195;19;0.263865;
196;19;0.263331;
197;19;0.262819;
198;19;0.262328;
199;19;0.261857;
200;19;0.261405;
201;19;0.260972;
202;19;0.260557;
203;19;0.260158;
204;19;0.259777;
205;19;0.25941;
206;19;0.259059;
207;19;0.258722;
208;19;0.258399;
209;19;0.258089;
210;19;0.257792;
211;19;0.257507;
212;19;0.257234;
213;19;0.256972;
214;19;0.256721;
215;19;0.25648;
216;19;0.256249;
217;19;0.256027;
218;19;0.255815;
219;19;0.255611;
220;19;0.255415;
221;19;0.255228;
222;19;0.255048;
223;19;0.254876;
224;19;0.254711;
225;19;0.254552;
226;19;0.2544;
227;19;0.254254;
228;19;0.254114;
229;19;0.25398;
230;19;0.253852;
231;19;0.253729;
232;19;0.25361;
233;19;0.253497;
234;19;0.253388;
235;19;0.253284;
236;19;0.253184;
237;19;0.253088;
238;19;0.252996;
239;19;0.252908;
240;19;0.252823;
241;19;0.252742;
242;19;0.252664;
243;19;0.25259;
244;19;0.252518;
245;19;0.25245;
246;19;0.252384;
247;19;0.252321;
248;19;0.25226;
249;19;0.252202;
250;19;0.252147;
251;19;0.252093;
252;19;0.252042;
253;19;0.251993;
254;19;0.251946;
255;19;0.251901;
256;19;0.251857;
257;19;0.251816;
258;19;0.251776;
259;19;0.251738;
260;19;0.251701;
261;19;0.251666;
262;19;0.251633;
263;19;0.2516;
264;19;0.251569;
265;19;0.25154;
266;19;0.251511;
267;19;0.251484;
268;19;0.251458;
269;19;0.251433;
270;19;0.251409;
271;19;0.251385;
272;19;0.251363;
273;19;0.251342;
274;19;0.251322;
275;19;0.251302;
276;19;0.251283;
277;19;0.251266;
278;19;0.251248;
279;19;0.251232;
280;19;0.251216;
281;19;0.251201;
282;19;0.251186;
283;19;0.251172;
284;19;0.251159;
285;19;0.251146;
286;19;0.251134;
287;19;0.251122;
288;19;0.25111;
289;19;0.2511;
290;19;0.251089;
291;19;0.251079;
292;19;0.25107;
293;19;0.25106;
294;19;0.251052;
295;19;0.251043;
296;19;0.251035;
297;19;0.251027;
298;19;0.25102;
299;19;0.251013;
300;19;0.251006;
301;19;0.250999;
302;19;0.250993;
303;19;0.250987;
304;19;0.250981;
305;19;0.250976;
306;19;0.25097;
307;19;0.250965;
308;19;0.25096;
309;19;0.250955;
310;19;0.250951;
311;19;0.250947;
312;19;0.250943;
313;19;0.250939;
314;19;0.250935;
315;19;0.250931;
316;19;0.250928;
317;19;0.250924;
318;19;0.250921;
319;19;0.250918;
320;19;0.250915;
321;19;0.250912;
322;19;0.250909;
323;19;0.250907;
324;19;0.250904;
325;19;0.250902;
326;19;0.250899;
327;19;0.250897;
328;19;0.250895;
329;19;0.250893;
330;19;0.250891;
331;19;0.250889;
332;19;0.250887;
333;19;0.250886;
334;19;0.250884;
335;19;0.250883;
336;19;0.250881;
337;19;0.25088;
338;19;0.250878;
339;19;0.250877;
340;19;0.250876;
341;19;0.250874;
342;19;0.250873;
343;19;0.250872;
344;19;0.250871;
345;19;0.25087;
346;19;0.250869;
347;19;0.250868;
348;19;0.250867;
349;19;0.250866;
350;19;0.250865;
351;19;0.250864;
352;19;0.250864;
353;19;0.250863;
354;19;0.250862;
355;19;0.250862;
356;19;0.250861;
357;19;0.25086;
358;19;0.25086;
359;19;0.250859;
360;19;0.250859;
361;19;0.250858;
362;19;0.250857;
363;19;0.250857;
364;19;0.250857;
365;19;0.250856;
366;19;0.250856;
367;19;0.250855;
368;19;0.250855;
369;19;0.250854;
370;19;0.250854;
371;19;0.250854;
372;19;0.250853;
373;19;0.250853;
374;19;0.250853;
375;19;0.250852;
376;19;0.250852;
377;19;0.250852;
378;19;0.250852;
379;19;0.250851;
380;19;0.250851;
381;19;0.250851;
382;19;0.250851;
383;19;0.25085;
384;19;0.25085;
385;19;0.25085;
386;19;0.25085;
387;19;0.25085;
388;19;0.25085;
389;19;0.250849;
390;19;0.250849;
391;19;0.250849;
392;19;0.250849;
393;19;0.250849;
394;19;0.250849;
395;19;0.250849;
396;19;0.250848;
397;19;0.250848;
398;19;0.250848;
399;19;0.250848;
400;19;0.250848;
401;19;0.250848;
402;19;0.250848;
403;19;0.250848;
404;19;0.250848;
405;19;0.250848;
406;19;0.250847;
407;19;0.250847;
408;19;0.250847;
409;19;0.250847;
410;19;0.250847;
411;19;0.250847;
412;19;0.250847;
413;19;0.250847;
414;19;0.250847;
415;19;0.250847;
416;19;0.250847;
417;19;0.250847;
418;19;0.250847;
419;19;0.250847;
420;19;0.250847;
421;19;0.250847;
422;19;0.250846;
423;19;0.250846;
424;19;0.250846;
425;19;0.250846;
426;19;0.250846;
427;19;0.250846;
428;19;0.250846;
429;19;0.250846;
430;19;0.250846;
431;19;0.250846;
432;19;0.250846;
433;19;0.250846;
434;19;0.250846;
435;19;0.250846;
436;19;0.250846;
437;19;0.250846;
438;19;0.250846;
439;19;0.250846;
440;19;0.250846;
441;19;0.250846;
442;19;0.250846;
443;19;0.250846;
444;19;0.250846;
445;19;0.250846;
446;19;0.250846;
447;19;0.250846;
448;19;0.250846;
449;19;0.250846;
450;19;0.250846;
451;19;0.250846;
452;19;0.250846;
453;19;0.250846;
454;19;0.250846;
455;19;0.250846;
456;19;0.250846;
457;19;0.250846;
458;19;0.250846;
459;19;0.250846;
460;19;0.250846;
461;19;0.250846;
462;19;0.250846;
463;19;0.250846;
464;19;0.250846;
465;19;0.250846;
466;19;0.250846;
467;19;0.250846;
468;19;0.250846;
469;19;0.250846;
470;19;0.250846;
471;19;0.250846;
472;19;0.250846;
473;19;0.250846;
474;19;0.250846;
475;19;0.250846;
476;19;0.250846;
477;19;0.250846;
478;19;0.250846;
479;19;0.250846;
480;19;0.250846;
481;19;0.250846;
482;19;0.250846;
483;19;0.250846;
484;19;0.250846;
485;19;0.250846;
486;19;0.250846;
487;19;0.250846;
488;19;0.250846;
489;19;0.250846;
490;19;0.250846;
491;19;0.250846;
492;19;0.250846;
493;19;0.250846;
494;19;0.250846;
495;19;0.250846;
496;19;0.250846;
497;19;0.250846;
498;19;0.250846;
499;19;0.250846;
0;19;0.5;
0;20;0.490231;
1;20;0.480924;
2;20;0.472059;
3;20;0.463613;
4;20;0.455566;
5;20;0.447901;
6;20;0.440599;
7;20;0.433643;
8;20;0.427016;
9;20;0.420703;
10;20;0.414688;
11;20;0.408959;
12;20;0.403501;
13;20;0.398301;
14;20;0.393348;
15;20;0.388629;
16;20;0.384133;
17;20;0.379851;
18;20;0.375771;
19;20;0.371884;
20;20;0.368182;
21;20;0.364654;
22;20;0.361294;
23;20;0.358093;
24;20;0.355043;
25;20;0.352138;
26;20;0.349371;
27;20;0.346734;
28;20;0.344222;
29;20;0.34183;
30;20;0.33955;
31;20;0.337379;
32;20;0.33531;
33;20;0.333339;
34;20;0.331462;
35;20;0.329673;
36;20;0.32797;
37;20;0.326346;
38;20;0.3248;
39;20;0.323327;
40;20;0.321924;
41;20;0.320587;
42;20;0.319313;
43;20;0.3181;
44;20;0.316944;
45;20;0.315843;
46;20;0.314794;
47;20;0.313795;
48;20;0.312843;
49;20;0.311936;
50;20;0.311072;
51;20;0.310249;
52;20;0.309465;
53;20;0.308718;
54;20;0.308007;
55;20;0.307329;
56;20;0.306683;
57;20;0.306068;
58;20;0.305482;
59;20;0.304923;
60;20;0.304391;
61;20;0.303885;
62;20;0.303402;
63;20;0.302942;
64;20;0.302504;
65;20;0.302087;
66;20;0.301689;
67;20;0.301311;
68;20;0.30095;
69;20;0.300606;
70;20;0.300279;
71;20;0.299967;
72;20;0.299669;
73;20;0.299386;
74;20;0.299117;
75;20;0.29886;
76;20;0.298615;
77;20;0.298382;
78;20;0.29816;
79;20;0.297948;
80;20;0.297747;
81;20;0.297555;
82;20;0.297372;
83;20;0.297197;
84;20;0.297031;
85;20;0.296873;
86;20;0.296722;
87;20;0.296579;
88;20;0.296442;
89;20;0.296312;
90;20;0.296188;
91;20;0.29607;
92;20;0.295957;
93;20;0.29585;
94;20;0.295747;
95;20;0.29565;
96;20;0.295557;
97;20;0.295469;
98;20;0.295385;
99;20;0.295304;
100;20;1;
101;20;0.966555;
102;20;0.934694;
103;20;0.904341;
104;20;0.875426;
105;20;0.847879;
106;20;0.821638;
107;20;0.796638;
108;20;0.772823;
109;20;0.750135;
110;20;0.728522;
111;20;0.707932;
112;20;0.688317;
113;20;0.66963;
114;20;0.651829;
115;20;0.63487;
116;20;0.618715;
117;20;0.603325;
118;20;0.588663;
119;20;0.574695;
120;20;0.561389;
121;20;0.548713;
122;20;0.536638;
123;20;0.525134;
124;20;0.514174;
125;20;0.503734;
126;20;0.493788;
127;20;0.484313;
128;20;0.475287;
129;20;0.466688;
130;20;0.458496;
131;20;0.450692;
132;20;0.443258;
133;20;0.436176;
134;20;0.429429;
135;20;0.423001;
136;20;0.416878;
137;20;0.411045;
138;20;0.405488;
139;20;0.400195;
140;20;0.395151;
141;20;0.390347;
142;20;0.38577;
143;20;0.38141;
144;20;0.377256;
145;20;0.373299;
146;20;0.36953;
147;20;0.365939;
148;20;0.362518;
149;20;0.359259;
150;20;0.356154;
151;20;0.353196;
152;20;0.350378;
153;20;0.347694;
154;20;0.345137;
155;20;0.342701;
156;20;0.34038;
157;20;0.338169;
158;20;0.336063;
159;20;0.334057;
160;20;0.332145;
161;20;0.330325;
162;20;0.32859;
163;20;0.326937;
164;20;0.325363;
165;20;0.323863;
166;20;0.322435;
167;20;0.321074;
168;20;0.319777;
169;20;0.318542;
170;20;0.317365;
171;20;0.316244;
172;20;0.315176;
173;20;0.314159;
174;20;0.31319;
175;20;0.312266;
176;20;0.311387;
177;20;0.310549;
178;20;0.309751;
179;20;0.30899;
180;20;0.308266;
181;20;0.307575;
182;20;0.306918;
183;20;0.306292;
184;20;0.305695;
185;20;0.305127;
186;20;0.304585;
187;20;0.304069;
188;20;0.303578;
189;20;0.30311;
190;20;0.302664;
191;20;0.302239;
192;20;0.301834;
193;20;0.301448;
194;20;0.301081;
195;20;0.300731;
196;20;0.300398;
197;20;0.30008;
198;20;0.299778;
199;20;0.299489;
200;20;0.299215;
201;20;0.298953;
202;20;0.298704;
203;20;0.298467;
204;20;0.298241;
205;20;0.298025;
206;20;0.29782;
207;20;0.297624;
208;20;0.297438;
209;20;0.297261;
210;20;0.297092;
211;20;0.296931;
212;20;0.296777;
213;20;0.296631;
214;20;0.296492;
215;20;0.296359;
216;20;0.296233;
217;20;0.296113;
218;20;0.295998;
219;20;0.295889;
220;20;0.295785;
221;20;0.295685;
222;20;0.295591;
223;20;0.295501;
224;20;0.295415;
225;20;0.295334;
226;20;0.295256;
227;20;0.295182;
228;20;0.295111;
229;20;0.295044;
230;20;0.29498;
231;20;0.294919;
232;20;0.294861;
233;20;0.294805;
234;20;0.294753;
235;20;0.294702;
236;20;0.294654;
237;20;0.294609;
238;20;0.294565;
239;20;0.294524;
240;20;0.294484;
241;20;0.294447;
242;20;0.294411;
243;20;0.294377;
244;20;0.294345;
245;20;0.294314;
246;20;0.294284;
247;20;0.294256;
248;20;0.294229;
249;20;0.294204;
250;20;0.294179;
251;20;0.294156;
252;20;0.294134;
253;20;0.294113;
254;20;0.294093;
255;20;0.294074;
256;20;0.294056;
257;20;0.294039;
258;20;0.294022;
259;20;0.294007;
260;20;0.293992;
261;20;0.293977;
262;20;0.293964;
263;20;0.293951;
264;20;0.293939;
265;20;0.293927;
266;20;0.293916;
267;20;0.293905;
268;20;0.293895;
269;20;0.293885;
270;20;0.293876;
271;20;0.293867;
272;20;0.293859;
273;20;0.293851;
274;20;0.293843;
275;20;0.293836;
276;20;0.293829;
277;20;0.293823;
278;20;0.293817;
279;20;0.293811;
280;20;0.293805;
281;20;0.2938;
282;20;0.293794;
283;20;0.29379;
284;20;0.293785;
285;20;0.29378;
286;20;0.293776;
287;20;0.293772;
288;20;0.293768;
289;20;0.293765;
290;20;0.293761;
291;20;0.293758;
292;20;0.293755;
293;20;0.293752;
294;20;0.293749;
295;20;0.293746;
296;20;0.293743;
297;20;0.293741;
298;20;0.293739;
299;20;0.293736;
300;20;0.293734;
301;20;0.293732;
302;20;0.29373;
303;20;0.293728;
304;20;0.293727;
305;20;0.293725;
306;20;0.293723;
307;20;0.293722;
308;20;0.29372;
309;20;0.293719;
310;20;0.293718;
311;20;0.293716;
312;20;0.293715;
313;20;0.293714;
314;20;0.293713;
315;20;0.293712;
316;20;0.293711;
317;20;0.29371;
318;20;0.293709;
319;20;0.293708;
320;20;0.293707;
321;20;0.293707;
322;20;0.293706;
323;20;0.293705;
324;20;0.293704;
325;20;0.293704;
326;20;0.293703;
327;20;0.293703;
328;20;0.293702;
329;20;0.293702;
330;20;0.293701;
331;20;0.293701;
332;20;0.2937;
333;20;0.2937;
334;20;0.293699;
335;20;0.293699;
336;20;0.293698;
337;20;0.293698;
338;20;0.293698;
339;20;0.293697;
340;20;0.293697;
341;20;0.293697;
342;20;0.293697;
343;20;0.293696;
344;20;0.293696;
345;20;0.293696;
346;20;0.293696;
347;20;0.293695;
348;20;0.293695;
349;20;0.293695;
350;20;0.293695;
351;20;0.293695;
352;20;0.293694;
353;20;0.293694;
354;20;0.293694;
355;20;0.293694;
356;20;0.293694;
357;20;0.293694;
358;20;0.293694;
359;20;0.293693;
360;20;0.293693;
361;20;0.293693;
362;20;0.293693;
363;20;0.293693;
364;20;0.293693;
365;20;0.293693;
366;20;0.293693;
367;20;0.293693;
368;20;0.293693;
369;20;0.293692;
370;20;0.293692;
371;20;0.293692;
372;20;0.293692;
373;20;0.293692;
374;20;0.293692;
375;20;0.293692;
376;20;0.293692;
377;20;0.293692;
378;20;0.293692;
379;20;0.293692;
380;20;0.293692;
381;20;0.293692;
382;20;0.293692;
383;20;0.293692;
384;20;0.293692;
385;20;0.293692;
386;20;0.293692;
387;20;0.293692;
388;20;0.293692;
389;20;0.293692;
390;20;0.293692;
391;20;0.293691;
392;20;0.293691;
393;20;0.293691;
394;20;0.293691;
395;20;0.293691;
396;20;0.293691;
397;20;0.293691;
398;20;0.293691;
399;20;0.293691;
400;20;0.293691;
401;20;0.293691;
402;20;0.293691;
403;20;0.293691;
404;20;0.293691;
405;20;0.293691;
406;20;0.293691;
407;20;0.293691;
408;20;0.293691;
409;20;0.293691;
410;20;0.293691;
411;20;0.293691;
412;20;0.293691;
413;20;0.293691;
414;20;0.293691;
415;20;0.293691;
416;20;0.293691;
417;20;0.293691;
418;20;0.293691;
419;20;0.293691;
420;20;0.293691;
421;20;0.293691;
422;20;0.293691;
423;20;0.293691;
424;20;0.293691;
425;20;0.293691;
426;20;0.293691;
427;20;0.293691;
428;20;0.293691;
429;20;0.293691;
430;20;0.293691;
431;20;0.293691;
432;20;0.293691;
433;20;0.293691;
434;20;0.293691;
435;20;0.293691;
436;20;0.293691;
437;20;0.293691;
438;20;0.293691;
439;20;0.293691;
440;20;0.293691;
441;20;0.293691;
442;20;0.293691;
443;20;0.293691;
444;20;0.293691;
445;20;0.293691;
446;20;0.293691;
447;20;0.293691;
448;20;0.293691;
449;20;0.293691;
450;20;0.293691;
451;20;0.293691;
452;20;0.293691;
453;20;0.293691;
454;20;0.293691;
455;20;0.293691;
456;20;0.293691;
457;20;0.293691;
458;20;0.293691;
459;20;0.293691;
460;20;0.293691;
461;20;0.293691;
462;20;0.293691;
463;20;0.293691;
464;20;0.293691;
465;20;0.293691;
466;20;0.293691;
467;20;0.293691;
468;20;0.293691;
469;20;0.293691;
470;20;0.293691;
471;20;0.293691;
472;20;0.293691;
473;20;0.293691;
474;20;0.293691;
475;20;0.293691;
476;20;0.293691;
477;20;0.293691;
478;20;0.293691;
479;20;0.293691;
480;20;0.293691;
481;20;0.293691;
482;20;0.293691;
483;20;0.293691;
484;20;0.293691;
485;20;0.293691;
486;20;0.293691;
487;20;0.293691;
488;20;0.293691;
489;20;0.293691;
490;20;0.293691;
491;20;0.293691;
492;20;0.293691;
493;20;0.293691;
494;20;0.293691;
495;20;0.293691;
496;20;0.293691;
497;20;0.293691;
498;20;0.293691;
499;20;0.293691;
